Time	direction	frame	subF	slot	1stSym	nSymbol	cellId	rnti	tbSize	mcs	rv	SINR(dB)	corrupt	TBler	bwpId
1.50446	UL	150	4	0	0	13	1	1	129	27	0	53.4019	0	0	0
1.50446	UL	150	4	0	0	13	1	1	129	27	0	53.4019	0	0	0
1.508	DL	150	7	1	1	13	1	1	129	27	0	60.4019	0	0	0
1.51396	UL	151	3	1	0	13	1	1	129	27	0	53.4019	0	0	0
1.51396	UL	151	3	1	0	13	1	1	129	27	0	53.4019	0	0	0
1.51696	UL	151	6	1	0	13	1	1	14852	27	0	30.0251	0	0	0
1.51696	UL	151	6	1	0	13	1	1	14852	27	0	30.0251	0	0	0
1.5205	DL	152	0	0	1	13	1	1	661	27	0	51.7991	0	0	0
1.52646	UL	152	6	0	0	13	1	1	129	27	0	53.4019	0	0	0
1.52646	UL	152	6	0	0	13	1	1	129	27	0	53.4019	0	0	0
1.52946	UL	152	9	0	0	13	1	1	35276	27	0	29.5135	1	1	0
1.52946	UL	152	9	0	0	13	1	1	35276	27	0	29.5135	1	1	0
1.52996	UL	152	9	1	0	13	1	1	4642	27	0	36.0903	0	0	0
1.53196	UL	153	1	1	0	13	1	1	35276	27	1	29.5135	0	0	0
1.53196	UL	153	1	1	0	13	1	1	35276	27	1	29.5135	0	0	0
1.5355	DL	153	5	0	1	13	1	1	1326	27	0	48.9719	0	0	0
1.54146	UL	154	1	0	0	13	1	1	119	25	0	53.4019	0	0	0
1.54146	UL	154	1	0	0	13	1	1	119	25	0	53.4019	0	0	0
1.54446	UL	154	4	0	0	13	1	1	35276	27	0	29.5135	1	1	0
1.54446	UL	154	4	0	0	13	1	1	35276	27	0	29.5135	1	1	0
1.54496	UL	154	4	1	0	13	1	1	35276	27	0	29.5135	1	1	0
1.54496	UL	154	4	1	0	13	1	1	35276	27	0	29.5135	1	1	0
1.54596	UL	154	5	1	1	12	1	1	6733	27	0	33.6314	0	0	0
1.54596	UL	154	5	1	1	12	1	1	6733	27	0	33.6314	0	0	0
1.54696	UL	154	6	1	0	13	1	1	35276	27	1	29.5135	0	0	0
1.54696	UL	154	6	1	0	13	1	1	35276	27	1	29.5135	0	0	0
1.548	DL	154	7	1	1	13	1	1	262	27	0	55.886	0	0	0
1.54896	UL	154	8	1	0	13	1	1	35276	27	1	29.5135	0	0	0
1.54896	UL	154	8	1	0	13	1	1	35276	27	1	29.5135	0	0	0
1.54946	UL	154	9	0	0	13	1	1	32622	25	0	29.5135	0	0	0
1.54996	UL	154	9	1	0	13	1	1	22934	25	0	29.9973	0	0	0
1.5505	DL	155	0	0	1	13	1	1	1592	27	0	48.1348	0	0	0
1.55093	DL	155	0	1	1	11	1	1	784	27	0	50.5173	0	0	0
1.55396	UL	155	3	1	0	13	1	1	125	26	0	53.4019	0	0	0
1.55396	UL	155	3	1	0	13	1	1	125	26	0	53.4019	0	0	0
1.55696	UL	155	6	1	0	13	1	1	35276	27	0	29.5135	1	1	0
1.55696	UL	155	6	1	0	13	1	1	35276	27	0	29.5135	1	1	0
1.55746	UL	155	7	0	0	13	1	1	35276	27	0	29.5135	1	1	0
1.55746	UL	155	7	0	0	13	1	1	35276	27	0	29.5135	1	1	0
1.55846	UL	155	8	0	1	12	1	1	32564	27	0	29.5135	1	1	0
1.55846	UL	155	8	0	1	12	1	1	32564	27	0	29.5135	1	1	0
1.55896	UL	155	8	1	0	13	1	1	35276	27	0	29.5135	1	1	0
1.55896	UL	155	8	1	0	13	1	1	35276	27	0	29.5135	1	1	0
1.55946	UL	155	9	0	0	13	1	1	35276	27	1	29.5135	0	0	0
1.55946	UL	155	9	0	0	13	1	1	35276	27	1	29.5135	0	0	0
1.55996	UL	155	9	1	0	13	1	1	11650	25	0	30.6335	0	0	0
1.56146	UL	156	1	0	0	13	1	1	35276	27	1	29.5135	0	0	0
1.56146	UL	156	1	0	0	13	1	1	35276	27	1	29.5135	0	0	0
1.563	DL	156	2	1	1	13	1	1	1592	27	0	48.1348	0	0	0
1.56896	UL	156	8	1	0	13	1	1	119	25	0	53.4019	0	0	0
1.56896	UL	156	8	1	0	13	1	1	119	25	0	53.4019	0	0	0
1.57196	UL	157	1	1	0	13	1	1	35276	27	0	29.5135	1	1	0
1.57196	UL	157	1	1	0	13	1	1	35276	27	0	29.5135	1	1	0
1.57246	UL	157	2	0	0	13	1	1	35276	27	0	29.5135	1	1	0
1.57246	UL	157	2	0	0	13	1	1	35276	27	0	29.5135	1	1	0
1.57346	UL	157	3	0	1	12	1	1	6733	27	0	33.6314	0	0	0
1.57346	UL	157	3	0	1	12	1	1	6733	27	0	33.6314	0	0	0
1.57446	UL	157	4	0	0	13	1	1	35276	27	1	29.5135	0	0	0
1.57446	UL	157	4	0	0	13	1	1	35276	27	1	29.5135	0	0	0
1.57646	UL	157	6	0	0	13	1	1	35276	27	1	29.5135	0	0	0
1.57646	UL	157	6	0	0	13	1	1	35276	27	1	29.5135	0	0	0
1.57696	UL	157	6	1	0	13	1	1	32622	25	0	29.5135	0	0	0
1.57746	UL	157	7	0	0	13	1	1	32622	25	0	29.5135	0	0	0
1.57846	UL	157	8	0	1	12	1	1	12113	25	0	30.1615	0	0	0
1.59646	UL	159	6	0	0	13	1	1	129	27	0	53.4019	0	0	0
1.59646	UL	159	6	0	0	13	1	1	129	27	0	53.4019	0	0	0
1.59946	UL	159	9	0	0	13	1	1	1459	27	0	41.4587	0	0	0
1.59946	UL	159	9	0	0	13	1	1	1459	27	0	41.4587	0	0	0
1.61396	UL	161	3	1	0	13	1	1	129	27	0	53.4019	0	0	0
1.61396	UL	161	3	1	0	13	1	1	129	27	0	53.4019	0	0	0
1.66346	DL	166	3	0	1	12	1	1	1715	27	0	47.6175	0	0	0
1.66896	UL	166	8	1	0	13	1	1	129	27	0	53.4019	0	0	0
1.66896	UL	166	8	1	0	13	1	1	129	27	0	53.4019	0	0	0
1.67196	UL	167	1	1	0	13	1	1	20556	27	0	29.7896	0	0.434501	0
1.67196	UL	167	1	1	0	13	1	1	20556	27	0	29.7896	0	0.434501	0
1.76346	DL	176	3	0	1	12	1	1	4898	27	0	42.2976	0	0	0
1.76896	UL	176	8	1	0	13	1	1	129	27	0	53.4019	0	0	0
1.76896	UL	176	8	1	0	13	1	1	129	27	0	53.4019	0	0	0
1.77196	UL	177	1	1	0	13	1	1	35276	27	0	29.5135	1	1	0
1.77196	UL	177	1	1	0	13	1	1	35276	27	0	29.5135	1	1	0
1.77246	UL	177	2	0	0	13	1	1	35276	27	0	29.5135	1	1	0
1.77246	UL	177	2	0	0	13	1	1	35276	27	0	29.5135	1	1	0
1.77346	UL	177	3	0	1	12	1	1	6733	27	0	33.6314	0	0	0
1.77346	UL	177	3	0	1	12	1	1	6733	27	0	33.6314	0	0	0
1.77446	UL	177	4	0	0	13	1	1	35276	27	1	29.5135	0	0	0
1.77446	UL	177	4	0	0	13	1	1	35276	27	1	29.5135	0	0	0
1.77646	UL	177	6	0	0	13	1	1	35276	27	1	29.5135	0	0	0
1.77646	UL	177	6	0	0	13	1	1	35276	27	1	29.5135	0	0	0
1.77696	UL	177	6	1	0	13	1	1	32622	25	0	29.5135	0	0	0
1.77746	UL	177	7	0	0	13	1	1	7237	25	0	33.1817	0	0	0
1.77846	DL	177	8	0	1	12	1	1	3673	27	0	43.8566	0	0	0
1.78396	UL	178	3	1	0	13	1	1	129	27	0	53.4019	0	0	0
1.78396	UL	178	3	1	0	13	1	1	129	27	0	53.4019	0	0	0
1.78696	UL	178	6	1	0	13	1	1	35276	27	0	29.5135	1	1	0
1.78696	UL	178	6	1	0	13	1	1	35276	27	0	29.5135	1	1	0
1.78746	UL	178	7	0	0	13	1	1	35276	27	0	29.5135	1	1	0
1.78746	UL	178	7	0	0	13	1	1	35276	27	0	29.5135	1	1	0
1.78846	UL	178	8	0	1	12	1	1	32564	27	0	29.5135	1	1	0
1.78846	UL	178	8	0	1	12	1	1	32564	27	0	29.5135	1	1	0
1.78896	UL	178	8	1	0	13	1	1	4642	27	0	36.0903	0	0	0
1.78946	UL	178	9	0	0	13	1	1	35276	27	1	29.5135	0	0	0
1.78946	UL	178	9	0	0	13	1	1	35276	27	1	29.5135	0	0	0
1.79146	UL	179	1	0	0	13	1	1	35276	27	1	29.5135	0	0	0
1.79146	UL	179	1	0	0	13	1	1	35276	27	1	29.5135	0	0	0
1.793	DL	179	2	1	1	13	1	1	1592	27	0	48.1348	0	0	0
1.79896	UL	179	8	1	0	13	1	1	119	25	0	53.4019	0	0	0
1.79896	UL	179	8	1	0	13	1	1	119	25	0	53.4019	0	0	0
1.80196	UL	180	1	1	0	13	1	1	35276	27	0	29.5135	1	1	0
1.80196	UL	180	1	1	0	13	1	1	35276	27	0	29.5135	1	1	0
1.80246	UL	180	2	0	0	13	1	1	4642	27	0	36.0903	0	0	0
1.80446	UL	180	4	0	0	13	1	1	35276	27	1	29.5135	0	0	0
1.80446	UL	180	4	0	0	13	1	1	35276	27	1	29.5135	0	0	0
1.83646	UL	183	6	0	0	13	1	1	119	25	0	53.4019	0	0	0
1.83646	UL	183	6	0	0	13	1	1	119	25	0	53.4019	0	0	0
1.83946	UL	183	9	0	0	13	1	1	1459	27	0	41.4587	0	0	0
1.83946	UL	183	9	0	0	13	1	1	1459	27	0	41.4587	0	0	0
1.85396	UL	185	3	1	0	13	1	1	129	27	0	53.4019	0	0	0
1.85396	UL	185	3	1	0	13	1	1	129	27	0	53.4019	0	0	0
1.89346	DL	189	3	0	1	12	1	1	2326	27	0	45.9476	0	0	0
1.89896	UL	189	8	1	0	13	1	1	129	27	0	53.4019	0	0	0
1.89896	UL	189	8	1	0	13	1	1	129	27	0	53.4019	0	0	0
1.90196	UL	190	1	1	0	13	1	1	35276	27	0	29.5135	1	1	0
1.90196	UL	190	1	1	0	13	1	1	35276	27	0	29.5135	1	1	0
1.90246	UL	190	2	0	0	13	1	1	4642	27	0	36.0903	0	0	0
1.90246	UL	190	2	0	0	13	1	1	4642	27	0	36.0903	0	0	0
1.90446	UL	190	4	0	0	13	1	1	35276	27	1	29.5135	0	0	0
1.90446	UL	190	4	0	0	13	1	1	35276	27	1	29.5135	0	0	0
1.9055	DL	190	5	0	1	13	1	1	262	27	0	55.886	0	0	0
1.90646	UL	190	6	0	0	13	1	1	35276	27	0	29.5135	1	1	0
1.90696	UL	190	6	1	0	13	1	1	4661	25	0	35.6298	0	0	0
1.908	DL	190	7	1	1	13	1	1	1725	27	0	47.8808	0	0	0
1.90896	UL	190	8	1	0	13	1	1	35276	27	1	29.5135	0	0	0
1.91146	UL	191	1	0	0	13	1	1	119	25	0	53.4019	0	0	0
1.91146	UL	191	1	0	0	13	1	1	119	25	0	53.4019	0	0	0
1.91196	UL	191	1	1	0	13	1	1	5519	25	0	34.6875	0	0	0
1.91196	UL	191	1	1	0	13	1	1	5519	25	0	34.6875	0	0	0
1.91446	UL	191	4	0	0	13	1	1	35276	27	0	29.5135	1	1	0
1.91446	UL	191	4	0	0	13	1	1	35276	27	0	29.5135	1	1	0
1.91496	UL	191	4	1	0	13	1	1	20290	27	0	29.7879	0	0.434501	0
1.91496	UL	191	4	1	0	13	1	1	20290	27	0	29.7879	0	0.434501	0
1.9155	DL	191	5	0	1	13	1	1	262	27	0	55.886	0	0	0
1.91646	UL	191	6	0	0	13	1	1	35276	27	0	29.5135	0	0	0
1.91696	UL	191	6	1	0	13	1	1	35276	27	1	29.5135	0	0	0
1.91696	UL	191	6	1	0	13	1	1	35276	27	1	29.5135	0	0	0
1.91746	UL	191	7	0	0	13	1	1	4661	25	0	35.6298	0	0	0
1.918	DL	191	7	1	1	13	1	1	927	27	0	50.5173	0	0	0
1.91896	UL	191	8	1	0	13	1	1	14838	25	0	29.8489	0	0	0
1.91896	UL	191	8	1	0	13	1	1	14838	25	0	29.8489	0	0	0
1.9205	DL	192	0	0	1	13	1	1	661	27	0	51.7991	0	0	0
1.92096	DL	192	0	1	1	12	1	1	242	27	0	55.886	0	0	0
1.92146	UL	192	1	0	0	13	1	1	129	27	0	53.4019	0	0	0
1.92146	UL	192	1	0	0	13	1	1	129	27	0	53.4019	0	0	0
1.92396	UL	192	3	1	0	13	1	1	129	27	0	53.4019	0	0	0
1.92396	UL	192	3	1	0	13	1	1	129	27	0	53.4019	0	0	0
1.92446	UL	192	4	0	0	13	1	1	28644	27	0	30.0092	1	1	0
1.92446	UL	192	4	0	0	13	1	1	28644	27	0	30.0092	1	1	0
1.92696	UL	192	6	1	0	13	1	1	28644	27	1	30.0092	0	0	0
1.92696	UL	192	6	1	0	13	1	1	28644	27	1	30.0092	0	0	0
1.92746	UL	192	7	0	0	13	1	1	32622	25	0	29.5135	0	0	0
1.92746	UL	192	7	0	0	13	1	1	32622	25	0	29.5135	0	0	0
1.92846	UL	192	8	0	1	12	1	1	22868	25	0	30.0264	0	0	0
1.9305	DL	193	0	0	1	13	1	1	1858	27	0	47.6175	0	0	0
1.93646	UL	193	6	0	0	13	1	1	125	26	0	53.4019	0	0	0
1.93646	UL	193	6	0	0	13	1	1	125	26	0	53.4019	0	0	0
1.93946	UL	193	9	0	0	13	1	1	35276	27	0	29.5135	1	1	0
1.93946	UL	193	9	0	0	13	1	1	35276	27	0	29.5135	1	1	0
1.93996	UL	193	9	1	0	13	1	1	20290	27	0	29.7879	1	0.434501	0
1.93996	UL	193	9	1	0	13	1	1	20290	27	0	29.7879	1	0.434501	0
1.94196	UL	194	1	1	0	13	1	1	35276	27	1	29.5135	0	0	0
1.94196	UL	194	1	1	0	13	1	1	35276	27	1	29.5135	0	0	0
1.94396	UL	194	3	1	0	13	1	1	20290	27	1	29.7879	0	0	0
1.94396	UL	194	3	1	0	13	1	1	20290	27	1	29.7879	0	0	0
1.9455	DL	194	5	0	1	13	1	1	927	27	0	50.5173	0	0	0
1.94596	DL	194	5	1	1	12	1	1	242	27	0	55.886	0	0	0
1.95146	UL	195	1	0	0	13	1	1	129	27	0	53.4019	0	0	0
1.95146	UL	195	1	0	0	13	1	1	129	27	0	53.4019	0	0	0
1.95446	UL	195	4	0	0	13	1	1	35276	27	0	29.5135	1	1	0
1.95446	UL	195	4	0	0	13	1	1	35276	27	0	29.5135	1	1	0
1.95496	UL	195	4	1	0	13	1	1	20290	27	0	29.7879	1	0.434501	0
1.95496	UL	195	4	1	0	13	1	1	20290	27	0	29.7879	1	0.434501	0
1.95696	UL	195	6	1	0	13	1	1	35276	27	1	29.5135	0	0	0
1.95696	UL	195	6	1	0	13	1	1	35276	27	1	29.5135	0	0	0
1.95896	UL	195	8	1	0	13	1	1	20290	27	1	29.7879	0	0	0
1.95896	UL	195	8	1	0	13	1	1	20290	27	1	29.7879	0	0	0
1.9605	DL	196	0	0	1	13	1	1	794	27	0	50.7822	0	0	0
1.96096	DL	196	0	1	1	12	1	1	365	27	0	53.7983	0	0	0
1.96646	UL	196	6	0	0	13	1	1	129	27	0	53.4019	0	0	0
1.96646	UL	196	6	0	0	13	1	1	129	27	0	53.4019	0	0	0
1.96946	UL	196	9	0	0	13	1	1	35276	27	0	29.5135	1	1	0
1.96946	UL	196	9	0	0	13	1	1	35276	27	0	29.5135	1	1	0
1.96996	UL	196	9	1	0	13	1	1	20290	27	0	29.7879	1	0.434501	0
1.96996	UL	196	9	1	0	13	1	1	20290	27	0	29.7879	1	0.434501	0
1.97196	UL	197	1	1	0	13	1	1	35276	27	1	29.5135	0	0	0
1.97196	UL	197	1	1	0	13	1	1	35276	27	1	29.5135	0	0	0
1.97396	UL	197	3	1	0	13	1	1	20290	27	1	29.7879	0	0	0
1.97396	UL	197	3	1	0	13	1	1	20290	27	1	29.7879	0	0	0
1.9755	DL	197	5	0	1	13	1	1	794	27	0	50.7822	0	0	0
1.97596	DL	197	5	1	1	12	1	1	365	27	0	53.7983	0	0	0
1.98146	UL	198	1	0	0	13	1	1	129	27	0	53.4019	0	0	0
1.98146	UL	198	1	0	0	13	1	1	129	27	0	53.4019	0	0	0
1.98446	UL	198	4	0	0	13	1	1	35276	27	0	29.5135	1	1	0
1.98446	UL	198	4	0	0	13	1	1	35276	27	0	29.5135	1	1	0
1.98496	UL	198	4	1	0	13	1	1	20290	27	0	29.7879	1	0.434501	0
1.98496	UL	198	4	1	0	13	1	1	20290	27	0	29.7879	1	0.434501	0
1.98696	UL	198	6	1	0	13	1	1	35276	27	1	29.5135	0	0	0
1.98696	UL	198	6	1	0	13	1	1	35276	27	1	29.5135	0	0	0
1.98896	UL	198	8	1	0	13	1	1	20290	27	1	29.7879	0	0	0
1.98896	UL	198	8	1	0	13	1	1	20290	27	1	29.7879	0	0	0
1.9905	DL	199	0	0	1	13	1	1	794	27	0	50.7822	0	0	0
1.99096	DL	199	0	1	1	12	1	1	365	27	0	53.7983	0	0	0
1.99646	UL	199	6	0	0	13	1	1	129	27	0	53.4019	0	0	0
1.99646	UL	199	6	0	0	13	1	1	129	27	0	53.4019	0	0	0
1.99946	UL	199	9	0	0	13	1	1	35276	27	0	29.5135	1	1	0
1.99946	UL	199	9	0	0	13	1	1	35276	27	0	29.5135	1	1	0
1.99996	UL	199	9	1	0	13	1	1	20290	27	0	29.7879	0	0.434501	0
1.99996	UL	199	9	1	0	13	1	1	20290	27	0	29.7879	0	0.434501	0
2.00196	UL	200	1	1	0	13	1	1	35276	27	1	29.5135	0	0	0
2.00196	UL	200	1	1	0	13	1	1	35276	27	1	29.5135	0	0	0
2.0055	DL	200	5	0	1	13	1	1	1060	27	0	50.3385	0	0	0
2.01146	UL	201	1	0	0	13	1	1	119	25	0	53.4019	0	0	0
2.01146	UL	201	1	0	0	13	1	1	119	25	0	53.4019	0	0	0
2.01446	UL	201	4	0	0	13	1	1	35276	27	0	29.5135	1	1	0
2.01446	UL	201	4	0	0	13	1	1	35276	27	0	29.5135	1	1	0
2.01496	UL	201	4	1	0	13	1	1	20290	27	0	29.7879	1	0.434501	0
2.01496	UL	201	4	1	0	13	1	1	20290	27	0	29.7879	1	0.434501	0
2.01696	UL	201	6	1	0	13	1	1	35276	27	1	29.5135	0	0	0
2.01696	UL	201	6	1	0	13	1	1	35276	27	1	29.5135	0	0	0
2.01896	UL	201	8	1	0	13	1	1	20290	27	1	29.7879	0	0	0
2.01896	UL	201	8	1	0	13	1	1	20290	27	1	29.7879	0	0	0
2.02096	DL	202	0	1	1	12	1	1	1101	27	0	49.699	0	0	0
2.02646	UL	202	6	0	0	13	1	1	129	27	0	53.4019	0	0	0
2.02646	UL	202	6	0	0	13	1	1	129	27	0	53.4019	0	0	0
2.02946	UL	202	9	0	0	13	1	1	35276	27	0	29.5135	1	1	0
2.02946	UL	202	9	0	0	13	1	1	35276	27	0	29.5135	1	1	0
2.02996	UL	202	9	1	0	13	1	1	20290	27	0	29.7879	1	0.434501	0
2.02996	UL	202	9	1	0	13	1	1	20290	27	0	29.7879	1	0.434501	0
2.03196	UL	203	1	1	0	13	1	1	35276	27	1	29.5135	0	0	0
2.03196	UL	203	1	1	0	13	1	1	35276	27	1	29.5135	0	0	0
2.03396	UL	203	3	1	0	13	1	1	20290	27	1	29.7879	0	0	0
2.03396	UL	203	3	1	0	13	1	1	20290	27	1	29.7879	0	0	0
2.0355	DL	203	5	0	1	13	1	1	794	27	0	50.7822	0	0	0
2.03596	DL	203	5	1	1	12	1	1	488	27	0	52.9767	0	0	0
2.04146	UL	204	1	0	0	13	1	1	129	27	0	53.4019	0	0	0
2.04146	UL	204	1	0	0	13	1	1	129	27	0	53.4019	0	0	0
2.04446	UL	204	4	0	0	13	1	1	35276	27	0	29.5135	1	1	0
2.04446	UL	204	4	0	0	13	1	1	35276	27	0	29.5135	1	1	0
2.04496	UL	204	4	1	0	13	1	1	20290	27	0	29.7879	0	0.434501	0
2.04496	UL	204	4	1	0	13	1	1	20290	27	0	29.7879	0	0.434501	0
2.04696	UL	204	6	1	0	13	1	1	35276	27	1	29.5135	0	0	0
2.04696	UL	204	6	1	0	13	1	1	35276	27	1	29.5135	0	0	0
2.048	DL	204	7	1	1	13	1	1	528	27	0	52.9767	0	0	0
2.04896	UL	204	8	1	0	13	1	1	35276	27	0	29.5135	1	1	0
2.04946	UL	204	9	0	0	13	1	1	4661	25	0	35.6298	0	0	0
2.0505	DL	205	0	0	1	13	1	1	794	27	0	50.7822	0	0	0
2.05146	UL	205	1	0	0	13	1	1	35276	27	1	29.5135	0	0	0
2.05396	UL	205	3	1	0	13	1	1	119	25	0	53.4019	0	0	0
2.05396	UL	205	3	1	0	13	1	1	119	25	0	53.4019	0	0	0
2.05446	UL	205	4	0	0	13	1	1	28696	25	0	29.9312	0	0	0
2.05446	UL	205	4	0	0	13	1	1	28696	25	0	29.9312	0	0	0
2.05696	UL	205	6	1	0	13	1	1	32622	25	0	29.5135	0	0	0
2.05746	UL	205	7	0	0	13	1	1	32622	25	0	29.5135	0	0	0
2.05746	UL	205	7	0	0	13	1	1	32622	25	0	29.5135	0	0	0
2.058	DL	205	7	1	1	13	1	1	661	27	0	51.7991	0	0	0
2.05846	UL	205	8	0	1	12	1	1	12113	25	0	30.1615	0	0	0
2.05896	UL	205	8	1	0	13	1	1	28696	25	0	29.9312	0	0	0
2.0605	DL	206	0	0	1	13	1	1	661	27	0	51.7991	0	0	0
2.06396	UL	206	3	1	0	13	1	1	119	25	0	53.4019	0	0	0
2.06396	UL	206	3	1	0	13	1	1	119	25	0	53.4019	0	0	0
2.06696	UL	206	6	1	0	13	1	1	35276	27	0	29.5135	1	1	0
2.06696	UL	206	6	1	0	13	1	1	35276	27	0	29.5135	1	1	0
2.06746	UL	206	7	0	0	13	1	1	35276	27	0	29.5135	1	1	0
2.06746	UL	206	7	0	0	13	1	1	35276	27	0	29.5135	1	1	0
2.06846	UL	206	8	0	1	12	1	1	6733	27	0	33.6314	0	0	0
2.06846	UL	206	8	0	1	12	1	1	6733	27	0	33.6314	0	0	0
2.06946	UL	206	9	0	0	13	1	1	35276	27	1	29.5135	0	0	0
2.06946	UL	206	9	0	0	13	1	1	35276	27	1	29.5135	0	0	0
2.0705	DL	207	0	0	1	13	1	1	129	27	0	60.4019	0	0	0
2.07096	DL	207	0	1	1	12	1	1	119	27	0	60.4019	0	0	0
2.07146	UL	207	1	0	0	13	1	1	35276	27	1	29.5135	0	0	0
2.07146	UL	207	1	0	0	13	1	1	35276	27	1	29.5135	0	0	0
2.07196	UL	207	1	1	0	13	1	1	32622	25	0	29.5135	0	0	0
2.07246	UL	207	2	0	0	13	1	1	22934	25	0	29.9973	0	0	0
2.073	DL	207	2	1	1	13	1	1	794	27	0	50.7822	0	0	0
2.07346	DL	207	3	0	1	12	1	1	365	27	0	53.7983	0	0	0
2.07646	UL	207	6	0	0	13	1	1	125	26	0	53.4019	0	0	0
2.07646	UL	207	6	0	0	13	1	1	125	26	0	53.4019	0	0	0
2.07946	UL	207	9	0	0	13	1	1	35276	27	0	29.5135	1	1	0
2.07946	UL	207	9	0	0	13	1	1	35276	27	0	29.5135	1	1	0
2.07996	UL	207	9	1	0	13	1	1	35276	27	0	29.5135	1	1	0
2.07996	UL	207	9	1	0	13	1	1	35276	27	0	29.5135	1	1	0
2.08096	UL	208	0	1	1	12	1	1	6733	27	0	33.6314	0	0	0
2.08096	UL	208	0	1	1	12	1	1	6733	27	0	33.6314	0	0	0
2.08196	UL	208	1	1	0	13	1	1	35276	27	1	29.5135	0	0	0
2.08196	UL	208	1	1	0	13	1	1	35276	27	1	29.5135	0	0	0
2.08396	UL	208	3	1	0	13	1	1	35276	27	1	29.5135	0	0	0
2.08396	UL	208	3	1	0	13	1	1	35276	27	1	29.5135	0	0	0
2.08446	UL	208	4	0	0	13	1	1	20603	25	0	29.863	0	0	0
2.0855	DL	208	5	0	1	13	1	1	927	27	0	50.5173	0	0	0
2.08596	DL	208	5	1	1	12	1	1	365	27	0	53.7983	0	0	0
2.09146	UL	209	1	0	0	13	1	1	129	27	0	53.4019	0	0	0
2.09146	UL	209	1	0	0	13	1	1	129	27	0	53.4019	0	0	0
2.09446	UL	209	4	0	0	13	1	1	35276	27	0	29.5135	1	1	0
2.09446	UL	209	4	0	0	13	1	1	35276	27	0	29.5135	1	1	0
2.09496	UL	209	4	1	0	13	1	1	35276	27	0	29.5135	1	1	0
2.09496	UL	209	4	1	0	13	1	1	35276	27	0	29.5135	1	1	0
2.09596	UL	209	5	1	1	12	1	1	6733	27	0	33.6314	0	0	0
2.09596	UL	209	5	1	1	12	1	1	6733	27	0	33.6314	0	0	0
2.09696	UL	209	6	1	0	13	1	1	35276	27	1	29.5135	0	0	0
2.09696	UL	209	6	1	0	13	1	1	35276	27	1	29.5135	0	0	0
2.098	DL	209	7	1	1	13	1	1	129	27	0	60.4019	0	0	0
2.09846	DL	209	8	0	1	12	1	1	119	27	0	60.4019	0	0	0
2.09896	UL	209	8	1	0	13	1	1	35276	27	1	29.5135	0	0	0
2.09896	UL	209	8	1	0	13	1	1	35276	27	1	29.5135	0	0	0
2.09946	UL	209	9	0	0	13	1	1	32622	25	0	29.5135	0	0	0
2.09996	UL	209	9	1	0	13	1	1	22934	25	0	29.9973	0	0	0
2.1005	DL	210	0	0	1	13	1	1	794	27	0	50.7822	0	0	0
2.10093	DL	210	0	1	1	11	1	1	447	27	0	52.9767	0	0	0
2.10396	UL	210	3	1	0	13	1	1	125	26	0	53.4019	0	0	0
2.10396	UL	210	3	1	0	13	1	1	125	26	0	53.4019	0	0	0
2.10696	UL	210	6	1	0	13	1	1	35276	27	0	29.5135	1	1	0
2.10696	UL	210	6	1	0	13	1	1	35276	27	0	29.5135	1	1	0
2.10746	UL	210	7	0	0	13	1	1	35276	27	0	29.5135	1	1	0
2.10746	UL	210	7	0	0	13	1	1	35276	27	0	29.5135	1	1	0
2.10846	UL	210	8	0	1	12	1	1	6733	27	0	33.6314	0	0	0
2.10846	UL	210	8	0	1	12	1	1	6733	27	0	33.6314	0	0	0
2.10946	UL	210	9	0	0	13	1	1	35276	27	1	29.5135	0	0	0
2.10946	UL	210	9	0	0	13	1	1	35276	27	1	29.5135	0	0	0
2.1105	DL	211	0	0	1	13	1	1	129	27	0	60.4019	0	0	0
2.11096	DL	211	0	1	1	12	1	1	119	27	0	60.4019	0	0	0
2.11146	UL	211	1	0	0	13	1	1	35276	27	1	29.5135	0	0	0
2.11146	UL	211	1	0	0	13	1	1	35276	27	1	29.5135	0	0	0
2.11196	UL	211	1	1	0	13	1	1	32622	25	0	29.5135	0	0	0
2.11246	UL	211	2	0	0	13	1	1	22934	25	0	29.9973	0	0	0
2.113	DL	211	2	1	1	13	1	1	794	27	0	50.7822	0	0	0
2.11346	DL	211	3	0	1	12	1	1	488	27	0	52.9767	0	0	0
2.11646	UL	211	6	0	0	13	1	1	125	26	0	53.4019	0	0	0
2.11646	UL	211	6	0	0	13	1	1	125	26	0	53.4019	0	0	0
2.11946	UL	211	9	0	0	13	1	1	35276	27	0	29.5135	1	1	0
2.11946	UL	211	9	0	0	13	1	1	35276	27	0	29.5135	1	1	0
2.11996	UL	211	9	1	0	13	1	1	35276	27	0	29.5135	1	1	0
2.11996	UL	211	9	1	0	13	1	1	35276	27	0	29.5135	1	1	0
2.12096	UL	212	0	1	1	12	1	1	6733	27	0	33.6314	0	0	0
2.12096	UL	212	0	1	1	12	1	1	6733	27	0	33.6314	0	0	0
2.12196	UL	212	1	1	0	13	1	1	35276	27	1	29.5135	0	0	0
2.12196	UL	212	1	1	0	13	1	1	35276	27	1	29.5135	0	0	0
2.123	DL	212	2	1	1	13	1	1	129	27	0	60.4019	0	0	0
2.12346	DL	212	3	0	1	12	1	1	119	27	0	60.4019	0	0	0
2.12396	UL	212	3	1	0	13	1	1	35276	27	1	29.5135	0	0	0
2.12396	UL	212	3	1	0	13	1	1	35276	27	1	29.5135	0	0	0
2.12446	UL	212	4	0	0	13	1	1	32622	25	0	29.5135	0	0	0
2.12496	UL	212	4	1	0	13	1	1	22934	25	0	29.9973	0	0	0
2.12596	DL	212	5	1	1	12	1	1	1224	27	0	48.9719	0	0	0
2.12896	UL	212	8	1	0	13	1	1	125	26	0	53.4019	0	0	0
2.12896	UL	212	8	1	0	13	1	1	125	26	0	53.4019	0	0	0
2.13196	UL	213	1	1	0	13	1	1	35276	27	0	29.5135	1	1	0
2.13196	UL	213	1	1	0	13	1	1	35276	27	0	29.5135	1	1	0
2.13246	UL	213	2	0	0	13	1	1	35276	27	0	29.5135	1	1	0
2.13246	UL	213	2	0	0	13	1	1	35276	27	0	29.5135	1	1	0
2.13346	UL	213	3	0	1	12	1	1	6733	27	0	33.6314	0	0	0
2.13346	UL	213	3	0	1	12	1	1	6733	27	0	33.6314	0	0	0
2.13446	UL	213	4	0	0	13	1	1	35276	27	1	29.5135	0	0	0
2.13446	UL	213	4	0	0	13	1	1	35276	27	1	29.5135	0	0	0
2.13646	UL	213	6	0	0	13	1	1	35276	27	1	29.5135	0	0	0
2.13646	UL	213	6	0	0	13	1	1	35276	27	1	29.5135	0	0	0
2.13696	UL	213	6	1	0	13	1	1	28696	25	0	29.9312	0	0	0
2.138	DL	213	7	1	1	13	1	1	927	27	0	50.5173	0	0	0
2.13846	DL	213	8	0	1	12	1	1	488	27	0	52.9767	0	0	0
2.14396	UL	214	3	1	0	13	1	1	119	25	0	53.4019	0	0	0
2.14396	UL	214	3	1	0	13	1	1	119	25	0	53.4019	0	0	0
2.14696	UL	214	6	1	0	13	1	1	35276	27	0	29.5135	1	1	0
2.14696	UL	214	6	1	0	13	1	1	35276	27	0	29.5135	1	1	0
2.14746	UL	214	7	0	0	13	1	1	35276	27	0	29.5135	1	1	0
2.14746	UL	214	7	0	0	13	1	1	35276	27	0	29.5135	1	1	0
2.14846	UL	214	8	0	1	12	1	1	6733	27	0	33.6314	0	0	0
2.14846	UL	214	8	0	1	12	1	1	6733	27	0	33.6314	0	0	0
2.14946	UL	214	9	0	0	13	1	1	35276	27	1	29.5135	0	0	0
2.14946	UL	214	9	0	0	13	1	1	35276	27	1	29.5135	0	0	0
2.15146	UL	215	1	0	0	13	1	1	35276	27	1	29.5135	0	0	0
2.15146	UL	215	1	0	0	13	1	1	35276	27	1	29.5135	0	0	0
2.15196	UL	215	1	1	0	13	1	1	28696	25	0	29.9312	0	0	0
2.15346	DL	215	3	0	1	12	1	1	1470	27	0	48.1348	0	0	0
2.15896	UL	215	8	1	0	13	1	1	119	25	0	53.4019	0	0	0
2.15896	UL	215	8	1	0	13	1	1	119	25	0	53.4019	0	0	0
2.16196	UL	216	1	1	0	13	1	1	35276	27	0	29.5135	1	1	0
2.16196	UL	216	1	1	0	13	1	1	35276	27	0	29.5135	1	1	0
2.16246	UL	216	2	0	0	13	1	1	35276	27	0	29.5135	1	1	0
2.16246	UL	216	2	0	0	13	1	1	35276	27	0	29.5135	1	1	0
2.16346	UL	216	3	0	1	12	1	1	6733	27	0	33.6314	0	0	0
2.16346	UL	216	3	0	1	12	1	1	6733	27	0	33.6314	0	0	0
2.16446	UL	216	4	0	0	13	1	1	35276	27	1	29.5135	0	0	0
2.16446	UL	216	4	0	0	13	1	1	35276	27	1	29.5135	0	0	0
2.16646	UL	216	6	0	0	13	1	1	35276	27	1	29.5135	0	0	0
2.16646	UL	216	6	0	0	13	1	1	35276	27	1	29.5135	0	0	0
2.16696	UL	216	6	1	0	13	1	1	28696	25	0	29.9312	0	0	0
2.168	DL	216	7	1	1	13	1	1	927	27	0	50.5173	0	0	0
2.16846	DL	216	8	0	1	12	1	1	610	27	0	51.7991	0	0	0
2.17396	UL	217	3	1	0	13	1	1	119	25	0	53.4019	0	0	0
2.17396	UL	217	3	1	0	13	1	1	119	25	0	53.4019	0	0	0
2.17696	UL	217	6	1	0	13	1	1	35276	27	0	29.5135	1	1	0
2.17696	UL	217	6	1	0	13	1	1	35276	27	0	29.5135	1	1	0
2.17746	UL	217	7	0	0	13	1	1	35276	27	0	29.5135	1	1	0
2.17746	UL	217	7	0	0	13	1	1	35276	27	0	29.5135	1	1	0
2.17846	UL	217	8	0	1	12	1	1	6733	27	0	33.6314	0	0	0
2.17946	UL	217	9	0	0	13	1	1	35276	27	1	29.5135	0	0	0
2.17946	UL	217	9	0	0	13	1	1	35276	27	1	29.5135	0	0	0
2.18146	UL	218	1	0	0	13	1	1	35276	27	1	29.5135	0	0	0
2.18146	UL	218	1	0	0	13	1	1	35276	27	1	29.5135	0	0	0
2.18346	DL	218	3	0	1	12	1	1	1592	27	0	47.8808	0	0	0
2.18896	UL	218	8	1	0	13	1	1	119	25	0	53.4019	0	0	0
2.18896	UL	218	8	1	0	13	1	1	119	25	0	53.4019	0	0	0
2.19196	UL	219	1	1	0	13	1	1	35276	27	0	29.5135	1	1	0
2.19196	UL	219	1	1	0	13	1	1	35276	27	0	29.5135	1	1	0
2.19246	UL	219	2	0	0	13	1	1	35276	27	0	29.5135	1	1	0
2.19246	UL	219	2	0	0	13	1	1	35276	27	0	29.5135	1	1	0
2.19346	UL	219	3	0	1	12	1	1	6733	27	0	33.6314	0	0	0
2.19346	UL	219	3	0	1	12	1	1	6733	27	0	33.6314	0	0	0
2.19446	UL	219	4	0	0	13	1	1	35276	27	1	29.5135	0	0	0
2.19446	UL	219	4	0	0	13	1	1	35276	27	1	29.5135	0	0	0
2.1955	DL	219	5	0	1	13	1	1	129	27	0	60.4019	0	0	0
2.19596	DL	219	5	1	1	12	1	1	119	27	0	60.4019	0	0	0
2.19646	UL	219	6	0	0	13	1	1	35276	27	1	29.5135	0	0	0
2.19646	UL	219	6	0	0	13	1	1	35276	27	1	29.5135	0	0	0
2.19696	UL	219	6	1	0	13	1	1	32622	25	0	29.5135	0	0	0
2.19746	UL	219	7	0	0	13	1	1	32622	25	0	29.5135	0	0	0
2.198	DL	219	7	1	1	13	1	1	794	27	0	50.7822	0	0	0
2.19846	UL	219	8	0	1	12	1	1	12113	25	0	30.1615	0	0	0
2.2005	DL	220	0	0	1	13	1	1	661	27	0	51.7991	0	0	0
2.20146	UL	220	1	0	0	13	1	1	129	27	0	53.4019	0	0	0
2.20146	UL	220	1	0	0	13	1	1	129	27	0	53.4019	0	0	0
2.20446	UL	220	4	0	0	13	1	1	35276	27	0	29.5135	1	1	0
2.20446	UL	220	4	0	0	13	1	1	35276	27	0	29.5135	1	1	0
2.20496	UL	220	4	1	0	13	1	1	20290	27	0	29.7879	0	0.434501	0
2.20496	UL	220	4	1	0	13	1	1	20290	27	0	29.7879	0	0.434501	0
2.20696	UL	220	6	1	0	13	1	1	35276	27	1	29.5135	0	0	0
2.20696	UL	220	6	1	0	13	1	1	35276	27	1	29.5135	0	0	0
2.208	DL	220	7	1	1	13	1	1	528	27	0	52.9767	0	0	0
2.20896	UL	220	8	1	0	13	1	1	35276	27	0	29.5135	1	1	0
2.20896	UL	220	8	1	0	13	1	1	35276	27	0	29.5135	1	1	0
2.20946	UL	220	9	0	0	13	1	1	20234	25	0	29.8415	0	0	0
2.2105	DL	221	0	0	1	13	1	1	794	27	0	50.7822	0	0	0
2.21146	UL	221	1	0	0	13	1	1	35276	27	1	29.5135	0	0	0
2.21146	UL	221	1	0	0	13	1	1	35276	27	1	29.5135	0	0	0
2.21196	UL	221	1	1	0	13	1	1	20556	27	0	29.7896	1	0.434501	0
2.21196	UL	221	1	1	0	13	1	1	20556	27	0	29.7896	1	0.434501	0
2.21346	DL	221	3	0	1	12	1	1	365	27	0	53.7983	0	0	0
2.21396	UL	221	3	1	0	13	1	1	119	25	0	53.4019	0	0	0
2.21396	UL	221	3	1	0	13	1	1	119	25	0	53.4019	0	0	0
2.21446	UL	221	4	0	0	13	1	1	20556	27	1	29.7896	0	0	0
2.21446	UL	221	4	0	0	13	1	1	20556	27	1	29.7896	0	0	0
2.21496	UL	221	4	1	0	13	1	1	28644	27	0	30.0092	1	1	0
2.21496	UL	221	4	1	0	13	1	1	28644	27	0	30.0092	1	1	0
2.21696	UL	221	6	1	0	13	1	1	35276	27	0	29.5135	1	1	0
2.21696	UL	221	6	1	0	13	1	1	35276	27	0	29.5135	1	1	0
2.21746	UL	221	7	0	0	13	1	1	4642	27	0	36.0903	0	0	0
2.218	DL	221	7	1	1	13	1	1	395	27	0	53.7983	0	0	0
2.21896	UL	221	8	1	0	13	1	1	28644	27	1	30.0092	0	0	0
2.21896	UL	221	8	1	0	13	1	1	28644	27	1	30.0092	0	0	0
2.21946	UL	221	9	0	0	13	1	1	35276	27	1	29.5135	0	0	0
2.21946	UL	221	9	0	0	13	1	1	35276	27	1	29.5135	0	0	0
2.21996	UL	221	9	1	0	13	1	1	10669	25	0	31.0013	0	0	0
2.22096	DL	222	0	1	1	12	1	1	733	27	0	50.7822	0	0	0
2.223	DL	222	2	1	1	13	1	1	528	27	0	52.9767	0	0	0
2.22396	UL	222	3	1	0	13	1	1	129	27	0	53.4019	0	0	0
2.22396	UL	222	3	1	0	13	1	1	129	27	0	53.4019	0	0	0
2.22696	UL	222	6	1	0	13	1	1	35276	27	0	29.5135	1	1	0
2.22696	UL	222	6	1	0	13	1	1	35276	27	0	29.5135	1	1	0
2.22746	UL	222	7	0	0	13	1	1	20290	27	0	29.7879	1	0.434501	0
2.22746	UL	222	7	0	0	13	1	1	20290	27	0	29.7879	1	0.434501	0
2.22946	UL	222	9	0	0	13	1	1	35276	27	1	29.5135	0	0	0
2.22946	UL	222	9	0	0	13	1	1	35276	27	1	29.5135	0	0	0
2.23146	UL	223	1	0	0	13	1	1	20290	27	1	29.7879	0	0	0
2.23146	UL	223	1	0	0	13	1	1	20290	27	1	29.7879	0	0	0
2.23346	DL	223	3	0	1	12	1	1	1224	27	0	48.9719	0	0	0
2.23396	UL	223	3	1	0	13	1	1	20556	27	0	29.7896	1	0.434501	0
2.23396	UL	223	3	1	0	13	1	1	20556	27	0	29.7896	1	0.434501	0
2.23446	UL	223	4	0	0	13	1	1	20556	27	0	29.7896	0	0.434501	0
2.23646	UL	223	6	0	0	13	1	1	20556	27	1	29.7896	0	0	0
2.23646	UL	223	6	0	0	13	1	1	20556	27	1	29.7896	0	0	0
2.23846	DL	223	8	0	1	12	1	1	488	27	0	52.9767	0	0	0
2.23896	UL	223	8	1	0	13	1	1	129	27	0	53.4019	0	0	0
2.23896	UL	223	8	1	0	13	1	1	129	27	0	53.4019	0	0	0
2.23946	UL	223	9	0	0	13	1	1	35276	27	0	29.5135	1	1	0
2.23946	UL	223	9	0	0	13	1	1	35276	27	0	29.5135	1	1	0
2.23996	UL	223	9	1	0	13	1	1	35276	27	0	29.5135	1	1	0
2.23996	UL	223	9	1	0	13	1	1	35276	27	0	29.5135	1	1	0
2.24096	UL	224	0	1	1	12	1	1	6733	27	0	33.6314	0	0	0
2.24096	UL	224	0	1	1	12	1	1	6733	27	0	33.6314	0	0	0
2.24196	UL	224	1	1	0	13	1	1	35276	27	1	29.5135	0	0	0
2.24196	UL	224	1	1	0	13	1	1	35276	27	1	29.5135	0	0	0
2.24246	UL	224	2	0	0	13	1	1	32622	25	0	29.5135	0	0	0
2.24246	UL	224	2	0	0	13	1	1	32622	25	0	29.5135	0	0	0
2.243	DL	224	2	1	1	13	1	1	129	27	0	60.4019	0	0	0
2.24346	UL	224	3	0	1	12	1	1	30112	25	0	29.5135	0	0	0
2.24396	UL	224	3	1	0	13	1	1	35276	27	1	29.5135	0	0	0
2.24396	UL	224	3	1	0	13	1	1	35276	27	1	29.5135	0	0	0
2.24446	UL	224	4	0	0	13	1	1	119	25	0	53.4019	0	0	0
2.2455	DL	224	5	0	1	13	1	1	794	27	0	50.7822	0	0	0
2.24596	DL	224	5	1	1	12	1	1	733	27	0	50.7822	0	0	0
2.24896	UL	224	8	1	0	13	1	1	129	27	0	53.4019	0	0	0
2.24896	UL	224	8	1	0	13	1	1	129	27	0	53.4019	0	0	0
2.25196	UL	225	1	1	0	13	1	1	35276	27	0	29.5135	1	1	0
2.25196	UL	225	1	1	0	13	1	1	35276	27	0	29.5135	1	1	0
2.25246	UL	225	2	0	0	13	1	1	35276	27	0	29.5135	1	1	0
2.25246	UL	225	2	0	0	13	1	1	35276	27	0	29.5135	1	1	0
2.25346	UL	225	3	0	1	12	1	1	6733	27	0	33.6314	0	0	0
2.25346	UL	225	3	0	1	12	1	1	6733	27	0	33.6314	0	0	0
2.25446	UL	225	4	0	0	13	1	1	35276	27	1	29.5135	0	0	0
2.25446	UL	225	4	0	0	13	1	1	35276	27	1	29.5135	0	0	0
2.25646	UL	225	6	0	0	13	1	1	35276	27	1	29.5135	0	0	0
2.25646	UL	225	6	0	0	13	1	1	35276	27	1	29.5135	0	0	0
2.25696	UL	225	6	1	0	13	1	1	32622	25	0	29.5135	0	0	0
2.25746	UL	225	7	0	0	13	1	1	7237	25	0	33.1817	0	0	0
2.25846	DL	225	8	0	1	12	1	1	1715	27	0	47.6175	0	0	0
2.26396	UL	226	3	1	0	13	1	1	129	27	0	53.4019	0	0	0
2.26396	UL	226	3	1	0	13	1	1	129	27	0	53.4019	0	0	0
2.26696	UL	226	6	1	0	13	1	1	35276	27	0	29.5135	1	1	0
2.26696	UL	226	6	1	0	13	1	1	35276	27	0	29.5135	1	1	0
2.26746	UL	226	7	0	0	13	1	1	35276	27	0	29.5135	1	1	0
2.26746	UL	226	7	0	0	13	1	1	35276	27	0	29.5135	1	1	0
2.26846	UL	226	8	0	1	12	1	1	6733	27	0	33.6314	0	0	0
2.26846	UL	226	8	0	1	12	1	1	6733	27	0	33.6314	0	0	0
2.26946	UL	226	9	0	0	13	1	1	35276	27	1	29.5135	0	0	0
2.26946	UL	226	9	0	0	13	1	1	35276	27	1	29.5135	0	0	0
2.2705	DL	227	0	0	1	13	1	1	129	27	0	60.4019	0	0	0
2.27096	DL	227	0	1	1	12	1	1	119	27	0	60.4019	0	0	0
2.27146	UL	227	1	0	0	13	1	1	35276	27	1	29.5135	0	0	0
2.27146	UL	227	1	0	0	13	1	1	35276	27	1	29.5135	0	0	0
2.27196	UL	227	1	1	0	13	1	1	32622	25	0	29.5135	0	0	0
2.27246	UL	227	2	0	0	13	1	1	32622	25	0	29.5135	0	0	0
2.27346	UL	227	3	0	1	12	1	1	12113	25	0	30.1615	0	0	0
2.2755	DL	227	5	0	1	13	1	1	1592	27	0	48.1348	0	0	0
2.27646	UL	227	6	0	0	13	1	1	129	27	0	53.4019	0	0	0
2.27646	UL	227	6	0	0	13	1	1	129	27	0	53.4019	0	0	0
2.27946	UL	227	9	0	0	13	1	1	7692	27	0	33.2855	0	0	0
2.27946	UL	227	9	0	0	13	1	1	7692	27	0	33.2855	0	0	0
2.283	DL	228	2	1	1	13	1	1	129	27	0	60.4019	0	0	0
2.28346	DL	228	3	0	1	12	1	1	119	27	0	60.4019	0	0	0
2.28396	UL	228	3	1	0	13	1	1	35276	27	0	29.5135	1	1	0
2.28396	UL	228	3	1	0	13	1	1	35276	27	0	29.5135	1	1	0
2.28446	UL	228	4	0	0	13	1	1	35276	27	0	29.5135	1	1	0
2.28446	UL	228	4	0	0	13	1	1	35276	27	0	29.5135	1	1	0
2.28496	UL	228	4	1	0	13	1	1	6764	27	0	34.0101	0	0	0
2.28496	UL	228	4	1	0	13	1	1	6764	27	0	34.0101	0	0	0
2.28646	UL	228	6	0	0	13	1	1	35276	27	1	29.5135	0	0	0
2.28646	UL	228	6	0	0	13	1	1	35276	27	1	29.5135	0	0	0
2.28696	UL	228	6	1	0	13	1	1	35276	27	1	29.5135	0	0	0
2.28696	UL	228	6	1	0	13	1	1	35276	27	1	29.5135	0	0	0
2.28846	DL	228	8	0	1	12	1	1	856	27	0	50.5173	0	0	0
2.28896	UL	228	8	1	0	13	1	1	119	25	0	53.4019	0	0	0
2.28896	UL	228	8	1	0	13	1	1	119	25	0	53.4019	0	0	0
2.28946	UL	228	9	0	0	13	1	1	7603	25	0	32.9375	0	0	0
2.28946	UL	228	9	0	0	13	1	1	7603	25	0	32.9375	0	0	0
2.2905	DL	229	0	0	1	13	1	1	794	27	0	50.7822	0	0	0
2.29146	UL	229	1	0	0	13	1	1	7692	27	0	33.2855	0	0	0
2.29146	UL	229	1	0	0	13	1	1	7692	27	0	33.2855	0	0	0
2.29196	UL	229	1	1	0	13	1	1	7692	27	0	33.2855	0	0	0
2.29196	UL	229	1	1	0	13	1	1	7692	27	0	33.2855	0	0	0
2.293	DL	229	2	1	1	13	1	1	262	27	0	55.886	0	0	0
2.29346	DL	229	3	0	1	12	1	1	242	27	0	55.886	0	0	0
2.29396	UL	229	3	1	0	13	1	1	129	27	0	53.4019	0	0	0
2.29396	UL	229	3	1	0	13	1	1	129	27	0	53.4019	0	0	0
2.29446	UL	229	4	0	0	13	1	1	28644	27	0	30.0092	1	1	0
2.29446	UL	229	4	0	0	13	1	1	28644	27	0	30.0092	1	1	0
2.2955	DL	229	5	0	1	13	1	1	262	27	0	55.886	0	0	0
2.29646	UL	229	6	0	0	13	1	1	28644	27	0	30.0092	1	1	0
2.29646	UL	229	6	0	0	13	1	1	28644	27	0	30.0092	1	1	0
2.29696	UL	229	6	1	0	13	1	1	28644	27	1	30.0092	0	0	0
2.29696	UL	229	6	1	0	13	1	1	28644	27	1	30.0092	0	0	0
2.29746	UL	229	7	0	0	13	1	1	32622	25	0	29.5135	0	0	0
2.29746	UL	229	7	0	0	13	1	1	32622	25	0	29.5135	0	0	0
2.29846	UL	229	8	0	1	12	1	1	30112	25	0	29.5135	0	0	0
2.29896	UL	229	8	1	0	13	1	1	28644	27	1	30.0092	0	0	0
2.29896	UL	229	8	1	0	13	1	1	28644	27	1	30.0092	0	0	0
2.29946	UL	229	9	0	0	13	1	1	14595	25	0	29.8943	0	0	0
2.29946	UL	229	9	0	0	13	1	1	14595	25	0	29.8943	0	0	0
2.3005	DL	230	0	0	1	13	1	1	661	27	0	51.7991	0	0	0
2.30093	DL	230	0	1	1	11	1	1	1009	27	0	49.699	0	0	0
2.30146	UL	230	1	0	0	13	1	1	119	25	0	53.4019	0	0	0
2.30196	UL	230	1	1	0	13	1	1	10609	27	0	31.435	0	0	0
2.303	DL	230	2	1	1	13	1	1	262	27	0	55.886	0	0	0
2.30646	UL	230	6	0	0	13	1	1	129	27	0	53.4019	0	0	0
2.30646	UL	230	6	0	0	13	1	1	129	27	0	53.4019	0	0	0
2.30946	UL	230	9	0	0	13	1	1	35276	27	0	29.5135	1	1	0
2.30946	UL	230	9	0	0	13	1	1	35276	27	0	29.5135	1	1	0
2.30996	UL	230	9	1	0	13	1	1	35276	27	0	29.5135	1	1	0
2.30996	UL	230	9	1	0	13	1	1	35276	27	0	29.5135	1	1	0
2.31096	UL	231	0	1	1	12	1	1	32564	27	0	29.5135	1	1	0
2.31096	UL	231	0	1	1	12	1	1	32564	27	0	29.5135	1	1	0
2.31146	UL	231	1	0	0	13	1	1	4642	27	0	36.0903	0	0	0
2.31196	UL	231	1	1	0	13	1	1	35276	27	1	29.5135	0	0	0
2.31196	UL	231	1	1	0	13	1	1	35276	27	1	29.5135	0	0	0
2.31396	UL	231	3	1	0	13	1	1	35276	27	1	29.5135	0	0	0
2.31396	UL	231	3	1	0	13	1	1	35276	27	1	29.5135	0	0	0
2.3155	DL	231	5	0	1	13	1	1	794	27	0	50.7822	0	0	0
2.31596	DL	231	5	1	1	12	1	1	733	27	0	50.7822	0	0	0
2.32146	UL	232	1	0	0	13	1	1	119	25	0	53.4019	0	0	0
2.32146	UL	232	1	0	0	13	1	1	119	25	0	53.4019	0	0	0
2.32446	UL	232	4	0	0	13	1	1	35276	27	0	29.5135	1	1	0
2.32446	UL	232	4	0	0	13	1	1	35276	27	0	29.5135	1	1	0
2.32496	UL	232	4	1	0	13	1	1	35276	27	0	29.5135	1	1	0
2.32496	UL	232	4	1	0	13	1	1	35276	27	0	29.5135	1	1	0
2.32596	UL	232	5	1	1	12	1	1	6733	27	0	33.6314	0	0	0
2.32696	UL	232	6	1	0	13	1	1	35276	27	1	29.5135	0	0	0
2.32696	UL	232	6	1	0	13	1	1	35276	27	1	29.5135	0	0	0
2.32896	UL	232	8	1	0	13	1	1	35276	27	1	29.5135	0	0	0
2.32896	UL	232	8	1	0	13	1	1	35276	27	1	29.5135	0	0	0
2.35396	UL	235	3	1	0	13	1	1	119	25	0	53.4019	0	0	0
2.35396	UL	235	3	1	0	13	1	1	119	25	0	53.4019	0	0	0
2.3555	DL	235	5	0	1	13	1	1	129	27	0	60.4019	0	0	0
2.35696	UL	235	6	1	0	13	1	1	1459	27	0	41.4587	0	0	0
2.35696	UL	235	6	1	0	13	1	1	1459	27	0	41.4587	0	0	0
2.36146	UL	236	1	0	0	13	1	1	129	27	0	53.4019	0	0	0
2.36146	UL	236	1	0	0	13	1	1	129	27	0	53.4019	0	0	0
2.36446	UL	236	4	0	0	13	1	1	3980	27	0	36.8566	0	0	0
2.36446	UL	236	4	0	0	13	1	1	3980	27	0	36.8566	0	0	0
2.37896	UL	237	8	1	0	13	1	1	129	27	0	53.4019	0	0	0
2.37896	UL	237	8	1	0	13	1	1	129	27	0	53.4019	0	0	0
2.42346	DL	242	3	0	1	12	1	1	3796	27	0	43.6686	0	0	0
2.42896	UL	242	8	1	0	13	1	1	129	27	0	53.4019	0	0	0
2.42896	UL	242	8	1	0	13	1	1	129	27	0	53.4019	0	0	0
2.43196	UL	243	1	1	0	13	1	1	35276	27	0	29.5135	1	1	0
2.43196	UL	243	1	1	0	13	1	1	35276	27	0	29.5135	1	1	0
2.43246	UL	243	2	0	0	13	1	1	20290	27	0	29.7879	0	0.434501	0
2.43246	UL	243	2	0	0	13	1	1	20290	27	0	29.7879	0	0.434501	0
2.43446	UL	243	4	0	0	13	1	1	35276	27	1	29.5135	0	0	0
2.43446	UL	243	4	0	0	13	1	1	35276	27	1	29.5135	0	0	0
2.438	DL	243	7	1	1	13	1	1	1459	27	0	48.4587	0	0	0
2.44396	UL	244	3	1	0	13	1	1	119	25	0	53.4019	0	0	0
2.44396	UL	244	3	1	0	13	1	1	119	25	0	53.4019	0	0	0
2.44696	UL	244	6	1	0	13	1	1	35276	27	0	29.5135	1	1	0
2.44696	UL	244	6	1	0	13	1	1	35276	27	0	29.5135	1	1	0
2.44746	UL	244	7	0	0	13	1	1	20290	27	0	29.7879	1	0.434501	0
2.44746	UL	244	7	0	0	13	1	1	20290	27	0	29.7879	1	0.434501	0
2.44946	UL	244	9	0	0	13	1	1	35276	27	1	29.5135	0	0	0
2.44946	UL	244	9	0	0	13	1	1	35276	27	1	29.5135	0	0	0
2.45146	UL	245	1	0	0	13	1	1	20290	27	1	29.7879	0	0	0
2.45146	UL	245	1	0	0	13	1	1	20290	27	1	29.7879	0	0	0
2.453	DL	245	2	1	1	13	1	1	794	27	0	50.7822	0	0	0
2.45346	DL	245	3	0	1	12	1	1	365	27	0	53.7983	0	0	0
2.45896	UL	245	8	1	0	13	1	1	129	27	0	53.4019	0	0	0
2.45896	UL	245	8	1	0	13	1	1	129	27	0	53.4019	0	0	0
2.46196	UL	246	1	1	0	13	1	1	35276	27	0	29.5135	1	1	0
2.46196	UL	246	1	1	0	13	1	1	35276	27	0	29.5135	1	1	0
2.46246	UL	246	2	0	0	13	1	1	20290	27	0	29.7879	1	0.434501	0
2.46246	UL	246	2	0	0	13	1	1	20290	27	0	29.7879	1	0.434501	0
2.46446	UL	246	4	0	0	13	1	1	35276	27	1	29.5135	0	0	0
2.46446	UL	246	4	0	0	13	1	1	35276	27	1	29.5135	0	0	0
2.46646	UL	246	6	0	0	13	1	1	20290	27	1	29.7879	0	0	0
2.46646	UL	246	6	0	0	13	1	1	20290	27	1	29.7879	0	0	0
2.46846	DL	246	8	0	1	12	1	1	979	27	0	50.3385	0	0	0
2.47396	UL	247	3	1	0	13	1	1	129	27	0	53.4019	0	0	0
2.47396	UL	247	3	1	0	13	1	1	129	27	0	53.4019	0	0	0
2.47696	UL	247	6	1	0	13	1	1	35276	27	0	29.5135	1	1	0
2.47696	UL	247	6	1	0	13	1	1	35276	27	0	29.5135	1	1	0
2.47746	UL	247	7	0	0	13	1	1	20290	27	0	29.7879	1	0.434501	0
2.47746	UL	247	7	0	0	13	1	1	20290	27	0	29.7879	1	0.434501	0
2.47946	UL	247	9	0	0	13	1	1	35276	27	1	29.5135	0	0	0
2.47946	UL	247	9	0	0	13	1	1	35276	27	1	29.5135	0	0	0
2.48146	UL	248	1	0	0	13	1	1	20290	27	1	29.7879	0	0	0
2.48146	UL	248	1	0	0	13	1	1	20290	27	1	29.7879	0	0	0
2.483	DL	248	2	1	1	13	1	1	794	27	0	50.7822	0	0	0
2.48346	DL	248	3	0	1	12	1	1	365	27	0	53.7983	0	0	0
2.48896	UL	248	8	1	0	13	1	1	129	27	0	53.4019	0	0	0
2.48896	UL	248	8	1	0	13	1	1	129	27	0	53.4019	0	0	0
2.49196	UL	249	1	1	0	13	1	1	35276	27	0	29.5135	1	1	0
2.49196	UL	249	1	1	0	13	1	1	35276	27	0	29.5135	1	1	0
2.49246	UL	249	2	0	0	13	1	1	20290	27	0	29.7879	1	0.434501	0
2.49246	UL	249	2	0	0	13	1	1	20290	27	0	29.7879	1	0.434501	0
2.49446	UL	249	4	0	0	13	1	1	35276	27	1	29.5135	0	0	0
2.49446	UL	249	4	0	0	13	1	1	35276	27	1	29.5135	0	0	0
2.49646	UL	249	6	0	0	13	1	1	20290	27	1	29.7879	0	0	0
2.49646	UL	249	6	0	0	13	1	1	20290	27	1	29.7879	0	0	0
2.498	DL	249	7	1	1	13	1	1	794	27	0	50.7822	0	0	0
2.49846	DL	249	8	0	1	12	1	1	365	27	0	53.7983	0	0	0
2.50396	UL	250	3	1	0	13	1	1	129	27	0	53.4019	0	0	0
2.50396	UL	250	3	1	0	13	1	1	129	27	0	53.4019	0	0	0
2.50696	UL	250	6	1	0	13	1	1	35276	27	0	29.5135	1	1	0
2.50696	UL	250	6	1	0	13	1	1	35276	27	0	29.5135	1	1	0
2.50746	UL	250	7	0	0	13	1	1	20290	27	0	29.7879	1	0.434501	0
2.50746	UL	250	7	0	0	13	1	1	20290	27	0	29.7879	1	0.434501	0
2.50946	UL	250	9	0	0	13	1	1	35276	27	1	29.5135	0	0	0
2.50946	UL	250	9	0	0	13	1	1	35276	27	1	29.5135	0	0	0
2.51146	UL	251	1	0	0	13	1	1	20290	27	1	29.7879	0	0	0
2.51146	UL	251	1	0	0	13	1	1	20290	27	1	29.7879	0	0	0
2.513	DL	251	2	1	1	13	1	1	794	27	0	50.7822	0	0	0
2.51346	DL	251	3	0	1	12	1	1	365	27	0	53.7983	0	0	0
2.51896	UL	251	8	1	0	13	1	1	129	27	0	53.4019	0	0	0
2.51896	UL	251	8	1	0	13	1	1	129	27	0	53.4019	0	0	0
2.52196	UL	252	1	1	0	13	1	1	35276	27	0	29.5135	1	1	0
2.52196	UL	252	1	1	0	13	1	1	35276	27	0	29.5135	1	1	0
2.52246	UL	252	2	0	0	13	1	1	20290	27	0	29.7879	0	0.434501	0
2.52246	UL	252	2	0	0	13	1	1	20290	27	0	29.7879	0	0.434501	0
2.52446	UL	252	4	0	0	13	1	1	35276	27	1	29.5135	0	0	0
2.52446	UL	252	4	0	0	13	1	1	35276	27	1	29.5135	0	0	0
2.5255	DL	252	5	0	1	13	1	1	395	27	0	53.7983	0	0	0
2.52646	UL	252	6	0	0	13	1	1	35276	27	0	29.5135	1	1	0
2.52696	UL	252	6	1	0	13	1	1	4661	25	0	35.6298	0	0	0
2.528	DL	252	7	1	1	13	1	1	794	27	0	50.7822	0	0	0
2.52896	UL	252	8	1	0	13	1	1	35276	27	1	29.5135	0	0	0
2.53146	UL	253	1	0	0	13	1	1	119	25	0	53.4019	0	0	0
2.53146	UL	253	1	0	0	13	1	1	119	25	0	53.4019	0	0	0
2.53196	UL	253	1	1	0	13	1	1	20603	25	0	29.863	0	0	0
2.53196	UL	253	1	1	0	13	1	1	20603	25	0	29.863	0	0	0
2.53446	UL	253	4	0	0	13	1	1	35276	27	0	29.5135	1	1	0
2.53446	UL	253	4	0	0	13	1	1	35276	27	0	29.5135	1	1	0
2.53496	UL	253	4	1	0	13	1	1	20290	27	0	29.7879	0	0.434501	0
2.53496	UL	253	4	1	0	13	1	1	20290	27	0	29.7879	0	0.434501	0
2.5355	DL	253	5	0	1	13	1	1	528	27	0	52.9767	0	0	0
2.53646	UL	253	6	0	0	13	1	1	35276	27	0	29.5135	1	1	0
2.53696	UL	253	6	1	0	13	1	1	35276	27	1	29.5135	0	0	0
2.53696	UL	253	6	1	0	13	1	1	35276	27	1	29.5135	0	0	0
2.53746	UL	253	7	0	0	13	1	1	4661	25	0	35.6298	0	0	0
2.538	DL	253	7	1	1	13	1	1	528	27	0	52.9767	0	0	0
2.53896	UL	253	8	1	0	13	1	1	35276	27	1	29.5135	0	0	0
2.53946	UL	253	9	0	0	13	1	1	14838	25	0	29.8489	0	0	0
2.53946	UL	253	9	0	0	13	1	1	14838	25	0	29.8489	0	0	0
2.5405	DL	254	0	0	1	13	1	1	262	27	0	55.886	0	0	0
2.54146	UL	254	1	0	0	13	1	1	119	25	0	53.4019	0	0	0
2.54146	UL	254	1	0	0	13	1	1	119	25	0	53.4019	0	0	0
2.54196	UL	254	1	1	0	13	1	1	28644	27	0	30.0092	1	1	0
2.54196	UL	254	1	1	0	13	1	1	28644	27	0	30.0092	1	1	0
2.543	DL	254	2	1	1	13	1	1	262	27	0	55.886	0	0	0
2.54396	UL	254	3	1	0	13	1	1	7692	27	0	33.2855	0	0	0
2.54396	UL	254	3	1	0	13	1	1	7692	27	0	33.2855	0	0	0
2.54446	UL	254	4	0	0	13	1	1	28644	27	1	30.0092	0	0	0
2.54446	UL	254	4	0	0	13	1	1	28644	27	1	30.0092	0	0	0
2.54496	UL	254	4	1	0	13	1	1	28696	25	0	29.9312	0	0	0
2.54496	UL	254	4	1	0	13	1	1	28696	25	0	29.9312	0	0	0
2.54646	UL	254	6	0	0	13	1	1	129	27	0	53.4019	0	0	0
2.54646	UL	254	6	0	0	13	1	1	129	27	0	53.4019	0	0	0
2.54696	UL	254	6	1	0	13	1	1	7603	25	0	32.9375	0	0	0
2.54696	UL	254	6	1	0	13	1	1	7603	25	0	32.9375	0	0	0
2.548	DL	254	7	1	1	13	1	1	927	27	0	50.5173	0	0	0
2.54896	UL	254	8	1	0	13	1	1	129	27	0	53.4019	0	0	0
2.54896	UL	254	8	1	0	13	1	1	129	27	0	53.4019	0	0	0
2.54946	UL	254	9	0	0	13	1	1	14852	27	0	30.0251	0	0	0
2.54946	UL	254	9	0	0	13	1	1	14852	27	0	30.0251	0	0	0
2.5505	DL	255	0	0	1	13	1	1	262	27	0	55.886	0	0	0
2.55146	UL	255	1	0	0	13	1	1	5570	27	0	35.1288	0	0	0
2.55146	UL	255	1	0	0	13	1	1	5570	27	0	35.1288	0	0	0
2.55196	UL	255	1	1	0	13	1	1	5570	27	0	35.1288	0	0	0
2.55196	UL	255	1	1	0	13	1	1	5570	27	0	35.1288	0	0	0
2.553	DL	255	2	1	1	13	1	1	129	27	0	60.4019	0	0	0
2.55346	DL	255	3	0	1	12	1	1	242	27	0	55.886	0	0	0
2.55396	UL	255	3	1	0	13	1	1	129	27	0	53.4019	0	0	0
2.55396	UL	255	3	1	0	13	1	1	129	27	0	53.4019	0	0	0
2.55446	UL	255	4	0	0	13	1	1	35276	27	0	29.5135	1	1	0
2.55446	UL	255	4	0	0	13	1	1	35276	27	0	29.5135	1	1	0
2.55496	UL	255	4	1	0	13	1	1	4642	27	0	36.0903	0	0	0
2.55496	UL	255	4	1	0	13	1	1	4642	27	0	36.0903	0	0	0
2.5555	DL	255	5	0	1	13	1	1	129	27	0	60.4019	0	0	0
2.55596	DL	255	5	1	1	12	1	1	119	27	0	60.4019	0	0	0
2.55646	UL	255	6	0	0	13	1	1	35276	27	0	29.5135	1	1	0
2.55646	UL	255	6	0	0	13	1	1	35276	27	0	29.5135	1	1	0
2.55696	UL	255	6	1	0	13	1	1	35276	27	1	29.5135	0	0	0
2.55696	UL	255	6	1	0	13	1	1	35276	27	1	29.5135	0	0	0
2.55746	UL	255	7	0	0	13	1	1	32622	25	0	29.5135	0	0	0
2.558	DL	255	7	1	1	13	1	1	129	27	0	60.4019	0	0	0
2.55846	UL	255	8	0	1	12	1	1	22868	25	0	30.0264	0	0	0
2.55896	UL	255	8	1	0	13	1	1	35276	27	1	29.5135	0	0	0
2.55896	UL	255	8	1	0	13	1	1	35276	27	1	29.5135	0	0	0
2.55946	UL	255	9	0	0	13	1	1	32622	25	0	29.5135	0	0	0
2.55996	UL	255	9	1	0	13	1	1	7237	25	0	33.1817	0	0	0
2.55996	UL	255	9	1	0	13	1	1	7237	25	0	33.1817	0	0	0
2.5605	DL	256	0	0	1	13	1	1	794	27	0	50.7822	0	0	0
2.56096	DL	256	0	1	1	12	1	1	365	27	0	53.7983	0	0	0
2.56146	UL	256	1	0	0	13	1	1	119	25	0	53.4019	0	0	0
2.56146	UL	256	1	0	0	13	1	1	119	25	0	53.4019	0	0	0
2.56196	UL	256	1	1	0	13	1	1	7603	25	0	32.9375	0	0	0
2.56196	UL	256	1	1	0	13	1	1	7603	25	0	32.9375	0	0	0
2.563	DL	256	2	1	1	13	1	1	129	27	0	60.4019	0	0	0
2.56346	DL	256	3	0	1	12	1	1	119	27	0	60.4019	0	0	0
2.56396	UL	256	3	1	0	13	1	1	129	27	0	53.4019	0	0	0
2.56396	UL	256	3	1	0	13	1	1	129	27	0	53.4019	0	0	0
2.56446	UL	256	4	0	0	13	1	1	3980	27	0	36.8566	0	0	0
2.56446	UL	256	4	0	0	13	1	1	3980	27	0	36.8566	0	0	0
2.56596	DL	256	5	1	1	12	1	1	119	27	0	60.4019	0	0	0
2.56646	UL	256	6	0	0	13	1	1	129	27	0	53.4019	0	0	0
2.56646	UL	256	6	0	0	13	1	1	129	27	0	53.4019	0	0	0
2.56696	UL	256	6	1	0	13	1	1	35276	27	0	29.5135	1	1	0
2.56696	UL	256	6	1	0	13	1	1	35276	27	0	29.5135	1	1	0
2.56746	UL	256	7	0	0	13	1	1	20290	27	0	29.7879	1	0.434501	0
2.56746	UL	256	7	0	0	13	1	1	20290	27	0	29.7879	1	0.434501	0
2.568	DL	256	7	1	1	13	1	1	129	27	0	60.4019	0	0	0
2.56896	UL	256	8	1	0	13	1	1	35276	27	0	29.5135	1	1	0
2.56896	UL	256	8	1	0	13	1	1	35276	27	0	29.5135	1	1	0
2.56946	UL	256	9	0	0	13	1	1	35276	27	1	29.5135	0	0	0
2.56946	UL	256	9	0	0	13	1	1	35276	27	1	29.5135	0	0	0
2.56996	UL	256	9	1	0	13	1	1	32622	25	0	29.5135	0	0	0
2.57096	UL	257	0	1	1	12	1	1	22868	25	0	30.0264	0	0	0
2.57146	UL	257	1	0	0	13	1	1	20290	27	1	29.7879	0	0	0
2.57146	UL	257	1	0	0	13	1	1	20290	27	1	29.7879	0	0	0
2.57196	UL	257	1	1	0	13	1	1	119	25	0	53.4019	0	0	0
2.57196	UL	257	1	1	0	13	1	1	119	25	0	53.4019	0	0	0
2.57346	DL	257	3	0	1	12	1	1	1101	27	0	49.699	0	0	0
2.57396	UL	257	3	1	0	13	1	1	129	27	0	53.4019	0	0	0
2.57396	UL	257	3	1	0	13	1	1	129	27	0	53.4019	0	0	0
2.57446	UL	257	4	0	0	13	1	1	3980	27	0	36.8566	0	0	0
2.57446	UL	257	4	0	0	13	1	1	3980	27	0	36.8566	0	0	0
2.57646	UL	257	6	0	0	13	1	1	3980	27	0	36.8566	0	0	0
2.57646	UL	257	6	0	0	13	1	1	3980	27	0	36.8566	0	0	0
2.57696	UL	257	6	1	0	13	1	1	2919	27	0	38.4749	0	0	0
2.57696	UL	257	6	1	0	13	1	1	2919	27	0	38.4749	0	0	0
2.57896	UL	257	8	1	0	13	1	1	129	27	0	53.4019	0	0	0
2.57896	UL	257	8	1	0	13	1	1	129	27	0	53.4019	0	0	0
2.57946	UL	257	9	0	0	13	1	1	35276	27	0	29.5135	1	1	0
2.57946	UL	257	9	0	0	13	1	1	35276	27	0	29.5135	1	1	0
2.57996	UL	257	9	1	0	13	1	1	20290	27	0	29.7879	1	0.434501	0
2.57996	UL	257	9	1	0	13	1	1	20290	27	0	29.7879	1	0.434501	0
2.58146	UL	258	1	0	0	13	1	1	35276	27	0	29.5135	1	1	0
2.58196	UL	258	1	1	0	13	1	1	35276	27	1	29.5135	0	0	0
2.58196	UL	258	1	1	0	13	1	1	35276	27	1	29.5135	0	0	0
2.58246	UL	258	2	0	0	13	1	1	32622	25	0	29.5135	0	0	0
2.58346	UL	258	3	0	1	12	1	1	22868	25	0	30.0264	0	0	0
2.58396	UL	258	3	1	0	13	1	1	20290	27	1	29.7879	0	0	0
2.58396	UL	258	3	1	0	13	1	1	20290	27	1	29.7879	0	0	0
2.60146	UL	260	1	0	0	13	1	1	129	27	0	53.4019	0	0	0
2.60146	UL	260	1	0	0	13	1	1	129	27	0	53.4019	0	0	0
2.60446	UL	260	4	0	0	13	1	1	1459	27	0	41.4587	0	0	0
2.60446	UL	260	4	0	0	13	1	1	1459	27	0	41.4587	0	0	0
2.6105	DL	261	0	0	1	13	1	1	129	27	0	60.4019	0	0	0
2.61646	UL	261	6	0	0	13	1	1	129	27	0	53.4019	0	0	0
2.61646	UL	261	6	0	0	13	1	1	129	27	0	53.4019	0	0	0
2.61946	UL	261	9	0	0	13	1	1	1459	27	0	41.4587	0	0	0
2.61946	UL	261	9	0	0	13	1	1	1459	27	0	41.4587	0	0	0
2.63396	UL	263	3	1	0	13	1	1	129	27	0	53.4019	0	0	0
2.63396	UL	263	3	1	0	13	1	1	129	27	0	53.4019	0	0	0
2.6755	DL	267	5	0	1	13	1	1	3052	27	0	45.1484	0	0	0
2.68146	UL	268	1	0	0	13	1	1	129	27	0	53.4019	0	0	0
2.68146	UL	268	1	0	0	13	1	1	129	27	0	53.4019	0	0	0
2.68446	UL	268	4	0	0	13	1	1	28644	27	0	30.0092	1	1	0
2.68446	UL	268	4	0	0	13	1	1	28644	27	0	30.0092	1	1	0
2.68696	UL	268	6	1	0	13	1	1	28644	27	1	30.0092	0	0	0
2.68696	UL	268	6	1	0	13	1	1	28644	27	1	30.0092	0	0	0
2.6905	DL	269	0	0	1	13	1	1	1193	27	0	49.699	0	0	0
2.69646	UL	269	6	0	0	13	1	1	119	25	0	53.4019	0	0	0
2.69646	UL	269	6	0	0	13	1	1	119	25	0	53.4019	0	0	0
2.69946	UL	269	9	0	0	13	1	1	35276	27	0	29.5135	1	1	0
2.69946	UL	269	9	0	0	13	1	1	35276	27	0	29.5135	1	1	0
2.69996	UL	269	9	1	0	13	1	1	4642	27	0	36.0903	0	0	0
2.69996	UL	269	9	1	0	13	1	1	4642	27	0	36.0903	0	0	0
2.70196	UL	270	1	1	0	13	1	1	35276	27	1	29.5135	0	0	0
2.70196	UL	270	1	1	0	13	1	1	35276	27	1	29.5135	0	0	0
2.703	DL	270	2	1	1	13	1	1	129	27	0	60.4019	0	0	0
2.70346	DL	270	3	0	1	12	1	1	119	27	0	60.4019	0	0	0
2.70396	UL	270	3	1	0	13	1	1	28644	27	0	30.0092	1	1	0
2.7055	DL	270	5	0	1	13	1	1	661	27	0	51.7991	0	0	0
2.70646	UL	270	6	0	0	13	1	1	28644	27	1	30.0092	0	0	0
2.70896	UL	270	8	1	0	13	1	1	119	25	0	53.4019	0	0	0
2.70896	UL	270	8	1	0	13	1	1	119	25	0	53.4019	0	0	0
2.70946	UL	270	9	0	0	13	1	1	7603	25	0	32.9375	0	0	0
2.70946	UL	270	9	0	0	13	1	1	7603	25	0	32.9375	0	0	0
2.71196	UL	271	1	1	0	13	1	1	35276	27	0	29.5135	1	1	0
2.71196	UL	271	1	1	0	13	1	1	35276	27	0	29.5135	1	1	0
2.71246	UL	271	2	0	0	13	1	1	4642	27	0	36.0903	0	0	0
2.713	DL	271	2	1	1	13	1	1	129	27	0	60.4019	0	0	0
2.71346	DL	271	3	0	1	12	1	1	119	27	0	60.4019	0	0	0
2.71396	UL	271	3	1	0	13	1	1	28644	27	0	30.0092	0	0	0
2.71446	UL	271	4	0	0	13	1	1	35276	27	1	29.5135	0	0	0
2.71446	UL	271	4	0	0	13	1	1	35276	27	1	29.5135	0	0	0
2.718	DL	271	7	1	1	13	1	1	661	27	0	51.7991	0	0	0
2.71896	UL	271	8	1	0	13	1	1	119	25	0	53.4019	0	0	0
2.71896	UL	271	8	1	0	13	1	1	119	25	0	53.4019	0	0	0
2.72196	UL	272	1	1	0	13	1	1	7692	27	0	33.2855	0	0	0
2.72196	UL	272	1	1	0	13	1	1	7692	27	0	33.2855	0	0	0
2.7255	DL	272	5	0	1	13	1	1	262	27	0	55.886	0	0	0
2.72646	UL	272	6	0	0	13	1	1	28644	27	0	30.0092	1	1	0
2.72646	UL	272	6	0	0	13	1	1	28644	27	0	30.0092	1	1	0
2.72896	UL	272	8	1	0	13	1	1	28644	27	1	30.0092	0	0	0
2.72896	UL	272	8	1	0	13	1	1	28644	27	1	30.0092	0	0	0
2.73096	DL	273	0	1	1	12	1	1	610	27	0	51.7991	0	0	0
2.73146	UL	273	1	0	0	13	1	1	119	25	0	53.4019	0	0	0
2.73146	UL	273	1	0	0	13	1	1	119	25	0	53.4019	0	0	0
2.73196	UL	273	1	1	0	13	1	1	10669	25	0	31.0013	0	0	0
2.73196	UL	273	1	1	0	13	1	1	10669	25	0	31.0013	0	0	0
2.73446	UL	273	4	0	0	13	1	1	10609	27	0	31.435	0	0	0
2.73446	UL	273	4	0	0	13	1	1	10609	27	0	31.435	0	0	0
2.7355	DL	273	5	0	1	13	1	1	262	27	0	55.886	0	0	0
2.73646	UL	273	6	0	0	13	1	1	129	27	0	53.4019	0	0	0
2.73646	UL	273	6	0	0	13	1	1	129	27	0	53.4019	0	0	0
2.738	DL	273	7	1	1	13	1	1	262	27	0	55.886	0	0	0
2.73896	UL	273	8	1	0	13	1	1	20556	27	0	29.7896	0	0.434501	0
2.73896	UL	273	8	1	0	13	1	1	20556	27	0	29.7896	0	0.434501	0
2.73946	UL	273	9	0	0	13	1	1	20556	27	0	29.7896	1	0.434501	0
2.73946	UL	273	9	0	0	13	1	1	20556	27	0	29.7896	1	0.434501	0
2.74096	DL	274	0	1	1	12	1	1	488	27	0	52.9767	0	0	0
2.74196	UL	274	1	1	0	13	1	1	20556	27	1	29.7896	0	0	0
2.74196	UL	274	1	1	0	13	1	1	20556	27	1	29.7896	0	0	0
2.74246	UL	274	2	0	0	13	1	1	7692	27	0	33.2855	0	0	0
2.74246	UL	274	2	0	0	13	1	1	7692	27	0	33.2855	0	0	0
2.74396	UL	274	3	1	0	13	1	1	129	27	0	53.4019	0	0	0
2.74396	UL	274	3	1	0	13	1	1	129	27	0	53.4019	0	0	0
2.7455	DL	274	5	0	1	13	1	1	395	27	0	53.7983	0	0	0
2.74646	UL	274	6	0	0	13	1	1	3980	27	0	36.8566	0	0	0
2.74646	UL	274	6	0	0	13	1	1	3980	27	0	36.8566	0	0	0
2.74696	UL	274	6	1	0	13	1	1	28644	27	0	30.0092	1	1	0
2.74696	UL	274	6	1	0	13	1	1	28644	27	0	30.0092	1	1	0
2.74846	DL	274	8	0	1	12	1	1	119	27	0	60.4019	0	0	0
2.74946	UL	274	9	0	0	13	1	1	28644	27	1	30.0092	0	0	0
2.74946	UL	274	9	0	0	13	1	1	28644	27	1	30.0092	0	0	0
2.74996	UL	274	9	1	0	13	1	1	20603	25	0	29.863	0	0	0
2.74996	UL	274	9	1	0	13	1	1	20603	25	0	29.863	0	0	0
2.75146	UL	275	1	0	0	13	1	1	119	25	0	53.4019	0	0	0
2.75146	UL	275	1	0	0	13	1	1	119	25	0	53.4019	0	0	0
2.753	DL	275	2	1	1	13	1	1	794	27	0	50.7822	0	0	0
2.75396	UL	275	3	1	0	13	1	1	129	27	0	53.4019	0	0	0
2.75396	UL	275	3	1	0	13	1	1	129	27	0	53.4019	0	0	0
2.75446	UL	275	4	0	0	13	1	1	5570	27	0	35.1288	0	0	0
2.75446	UL	275	4	0	0	13	1	1	5570	27	0	35.1288	0	0	0
2.75696	UL	275	6	1	0	13	1	1	5570	27	0	35.1288	0	0	0
2.75696	UL	275	6	1	0	13	1	1	5570	27	0	35.1288	0	0	0
2.758	DL	275	7	1	1	13	1	1	129	27	0	60.4019	0	0	0
2.75896	UL	275	8	1	0	13	1	1	129	27	0	53.4019	0	0	0
2.75896	UL	275	8	1	0	13	1	1	129	27	0	53.4019	0	0	0
2.7605	DL	276	0	0	1	13	1	1	129	27	0	60.4019	0	0	0
2.76096	DL	276	0	1	1	12	1	1	119	27	0	60.4019	0	0	0
2.76146	UL	276	1	0	0	13	1	1	35276	27	0	29.5135	1	1	0
2.76146	UL	276	1	0	0	13	1	1	35276	27	0	29.5135	1	1	0
2.76196	UL	276	1	1	0	13	1	1	35276	27	0	29.5135	1	1	0
2.76246	UL	276	2	0	0	13	1	1	4642	27	0	36.0903	0	0	0
2.76396	UL	276	3	1	0	13	1	1	35276	27	1	29.5135	0	0	0
2.76396	UL	276	3	1	0	13	1	1	35276	27	1	29.5135	0	0	0
2.76446	UL	276	4	0	0	13	1	1	35276	27	1	29.5135	0	0	0
2.76596	DL	276	5	1	1	12	1	1	856	27	0	50.5173	0	0	0
2.76646	UL	276	6	0	0	13	1	1	119	25	0	53.4019	0	0	0
2.76646	UL	276	6	0	0	13	1	1	119	25	0	53.4019	0	0	0
2.76696	UL	276	6	1	0	13	1	1	7603	25	0	32.9375	0	0	0
2.76696	UL	276	6	1	0	13	1	1	7603	25	0	32.9375	0	0	0
2.76896	UL	276	8	1	0	13	1	1	7692	27	0	33.2855	0	0	0
2.76896	UL	276	8	1	0	13	1	1	7692	27	0	33.2855	0	0	0
2.76946	UL	276	9	0	0	13	1	1	7692	27	0	33.2855	0	0	0
2.76946	UL	276	9	0	0	13	1	1	7692	27	0	33.2855	0	0	0
2.7705	DL	277	0	0	1	13	1	1	129	27	0	60.4019	0	0	0
2.77096	DL	277	0	1	1	12	1	1	242	27	0	55.886	0	0	0
2.77146	UL	277	1	0	0	13	1	1	129	27	0	53.4019	0	0	0
2.77146	UL	277	1	0	0	13	1	1	129	27	0	53.4019	0	0	0
2.77196	UL	277	1	1	0	13	1	1	35276	27	0	29.5135	1	1	0
2.77196	UL	277	1	1	0	13	1	1	35276	27	0	29.5135	1	1	0
2.77246	UL	277	2	0	0	13	1	1	4642	27	0	36.0903	0	0	0
2.773	DL	277	2	1	1	13	1	1	262	27	0	55.886	0	0	0
2.77396	UL	277	3	1	0	13	1	1	28644	27	0	30.0092	1	1	0
2.77396	UL	277	3	1	0	13	1	1	28644	27	0	30.0092	1	1	0
2.77446	UL	277	4	0	0	13	1	1	35276	27	1	29.5135	0	0	0
2.77446	UL	277	4	0	0	13	1	1	35276	27	1	29.5135	0	0	0
2.77496	UL	277	4	1	0	13	1	1	28696	25	0	29.9312	0	0	0
2.77646	UL	277	6	0	0	13	1	1	28644	27	1	30.0092	0	0	0
2.77646	UL	277	6	0	0	13	1	1	28644	27	1	30.0092	0	0	0
2.77696	UL	277	6	1	0	13	1	1	119	25	0	53.4019	0	0	0
2.77696	UL	277	6	1	0	13	1	1	119	25	0	53.4019	0	0	0
2.778	DL	277	7	1	1	13	1	1	528	27	0	52.9767	0	0	0
2.77846	DL	277	8	0	1	12	1	1	365	27	0	53.7983	0	0	0
2.77896	UL	277	8	1	0	13	1	1	119	25	0	53.4019	0	0	0
2.77896	UL	277	8	1	0	13	1	1	119	25	0	53.4019	0	0	0
2.77946	UL	277	9	0	0	13	1	1	10609	27	0	31.435	0	0	0
2.77946	UL	277	9	0	0	13	1	1	10609	27	0	31.435	0	0	0
2.78146	UL	278	1	0	0	13	1	1	10609	27	0	31.435	0	0	0
2.78146	UL	278	1	0	0	13	1	1	10609	27	0	31.435	0	0	0
2.78196	UL	278	1	1	0	13	1	1	10609	27	0	31.435	0	0	0
2.78196	UL	278	1	1	0	13	1	1	10609	27	0	31.435	0	0	0
2.783	DL	278	2	1	1	13	1	1	262	27	0	55.886	0	0	0
2.78346	DL	278	3	0	1	12	1	1	365	27	0	53.7983	0	0	0
2.78396	UL	278	3	1	0	13	1	1	129	27	0	53.4019	0	0	0
2.78396	UL	278	3	1	0	13	1	1	129	27	0	53.4019	0	0	0
2.78446	UL	278	4	0	0	13	1	1	28644	27	0	30.0092	1	1	0
2.78446	UL	278	4	0	0	13	1	1	28644	27	0	30.0092	1	1	0
2.7855	DL	278	5	0	1	13	1	1	262	27	0	55.886	0	0	0
2.78646	UL	278	6	0	0	13	1	1	14852	27	0	30.0251	0	0	0
2.78646	UL	278	6	0	0	13	1	1	14852	27	0	30.0251	0	0	0
2.78696	UL	278	6	1	0	13	1	1	28644	27	1	30.0092	0	0	0
2.78696	UL	278	6	1	0	13	1	1	28644	27	1	30.0092	0	0	0
2.78746	UL	278	7	0	0	13	1	1	14838	25	0	29.8489	0	0	0
2.78746	UL	278	7	0	0	13	1	1	14838	25	0	29.8489	0	0	0
2.78896	UL	278	8	1	0	13	1	1	129	27	0	53.4019	0	0	0
2.78896	UL	278	8	1	0	13	1	1	129	27	0	53.4019	0	0	0
2.78946	UL	278	9	0	0	13	1	1	7603	25	0	32.9375	0	0	0
2.78946	UL	278	9	0	0	13	1	1	7603	25	0	32.9375	0	0	0
2.7905	DL	279	0	0	1	13	1	1	794	27	0	50.7822	0	0	0
2.79146	UL	279	1	0	0	13	1	1	129	27	0	53.4019	0	0	0
2.79146	UL	279	1	0	0	13	1	1	129	27	0	53.4019	0	0	0
2.79196	UL	279	1	1	0	13	1	1	10609	27	0	31.435	0	0	0
2.79196	UL	279	1	1	0	13	1	1	10609	27	0	31.435	0	0	0
2.793	DL	279	2	1	1	13	1	1	129	27	0	60.4019	0	0	0
2.79346	DL	279	3	0	1	12	1	1	119	27	0	60.4019	0	0	0
2.79396	UL	279	3	1	0	13	1	1	1459	27	0	41.4587	0	0	0
2.79396	UL	279	3	1	0	13	1	1	1459	27	0	41.4587	0	0	0
2.79446	UL	279	4	0	0	13	1	1	1459	27	0	41.4587	0	0	0
2.79446	UL	279	4	0	0	13	1	1	1459	27	0	41.4587	0	0	0
2.79596	DL	279	5	1	1	12	1	1	119	27	0	60.4019	0	0	0
2.79646	UL	279	6	0	0	13	1	1	129	27	0	53.4019	0	0	0
2.79646	UL	279	6	0	0	13	1	1	129	27	0	53.4019	0	0	0
2.79696	UL	279	6	1	0	13	1	1	35276	27	0	29.5135	1	1	0
2.79696	UL	279	6	1	0	13	1	1	35276	27	0	29.5135	1	1	0
2.79746	UL	279	7	0	0	13	1	1	4642	27	0	36.0903	0	0	0
2.79746	UL	279	7	0	0	13	1	1	4642	27	0	36.0903	0	0	0
2.79846	DL	279	8	0	1	12	1	1	119	27	0	60.4019	0	0	0
2.79896	UL	279	8	1	0	13	1	1	35276	27	0	29.5135	1	1	0
2.79896	UL	279	8	1	0	13	1	1	35276	27	0	29.5135	1	1	0
2.79946	UL	279	9	0	0	13	1	1	35276	27	1	29.5135	0	0	0
2.79946	UL	279	9	0	0	13	1	1	35276	27	1	29.5135	0	0	0
2.79996	UL	279	9	1	0	13	1	1	32622	25	0	29.5135	0	0	0
2.80146	UL	280	1	0	0	13	1	1	35276	27	1	29.5135	0	0	0
2.80146	UL	280	1	0	0	13	1	1	35276	27	1	29.5135	0	0	0
2.80196	UL	280	1	1	0	13	1	1	857	25	0	43.5173	0	0	0
2.80196	UL	280	1	1	0	13	1	1	857	25	0	43.5173	0	0	0
2.803	DL	280	2	1	1	13	1	1	927	27	0	50.5173	0	0	0
2.80346	DL	280	3	0	1	12	1	1	119	27	0	60.4019	0	0	0
2.80396	UL	280	3	1	0	13	1	1	119	25	0	53.4019	0	0	0
2.80396	UL	280	3	1	0	13	1	1	119	25	0	53.4019	0	0	0
2.80446	UL	280	4	0	0	13	1	1	3980	27	0	36.8566	0	0	0
2.80446	UL	280	4	0	0	13	1	1	3980	27	0	36.8566	0	0	0
2.80646	UL	280	6	0	0	13	1	1	2919	27	0	38.4749	0	0	0
2.80646	UL	280	6	0	0	13	1	1	2919	27	0	38.4749	0	0	0
2.80696	UL	280	6	1	0	13	1	1	2919	27	0	38.4749	0	0	0
2.80696	UL	280	6	1	0	13	1	1	2919	27	0	38.4749	0	0	0
2.808	DL	280	7	1	1	13	1	1	129	27	0	60.4019	0	0	0
2.80846	DL	280	8	0	1	12	1	1	119	27	0	60.4019	0	0	0
2.80896	UL	280	8	1	0	13	1	1	129	27	0	53.4019	0	0	0
2.80896	UL	280	8	1	0	13	1	1	129	27	0	53.4019	0	0	0
2.80946	UL	280	9	0	0	13	1	1	35276	27	0	29.5135	1	1	0
2.80946	UL	280	9	0	0	13	1	1	35276	27	0	29.5135	1	1	0
2.80996	UL	280	9	1	0	13	1	1	20290	27	0	29.7879	1	0.434501	0
2.80996	UL	280	9	1	0	13	1	1	20290	27	0	29.7879	1	0.434501	0
2.8105	DL	281	0	0	1	13	1	1	129	27	0	60.4019	0	0	0
2.81146	UL	281	1	0	0	13	1	1	35276	27	0	29.5135	1	1	0
2.81146	UL	281	1	0	0	13	1	1	35276	27	0	29.5135	1	1	0
2.81196	UL	281	1	1	0	13	1	1	35276	27	1	29.5135	0	0	0
2.81196	UL	281	1	1	0	13	1	1	35276	27	1	29.5135	0	0	0
2.81246	UL	281	2	0	0	13	1	1	32622	25	0	29.5135	0	0	0
2.81346	UL	281	3	0	1	12	1	1	7247	25	0	32.7251	0	0	0
2.81396	UL	281	3	1	0	13	1	1	20290	27	1	29.7879	0	0	0
2.81396	UL	281	3	1	0	13	1	1	20290	27	1	29.7879	0	0	0
2.81446	UL	281	4	0	0	13	1	1	119	25	0	53.4019	0	0	0
2.81446	UL	281	4	0	0	13	1	1	119	25	0	53.4019	0	0	0
2.81596	DL	281	5	1	1	12	1	1	856	27	0	50.5173	0	0	0
2.81646	UL	281	6	0	0	13	1	1	129	27	0	53.4019	0	0	0
2.81646	UL	281	6	0	0	13	1	1	129	27	0	53.4019	0	0	0
2.81696	UL	281	6	1	0	13	1	1	5570	27	0	35.1288	0	0	0
2.81696	UL	281	6	1	0	13	1	1	5570	27	0	35.1288	0	0	0
2.81896	UL	281	8	1	0	13	1	1	5570	27	0	35.1288	0	0	0
2.81896	UL	281	8	1	0	13	1	1	5570	27	0	35.1288	0	0	0
2.81946	UL	281	9	0	0	13	1	1	5570	27	0	35.1288	0	0	0
2.81946	UL	281	9	0	0	13	1	1	5570	27	0	35.1288	0	0	0
2.82146	UL	282	1	0	0	13	1	1	129	27	0	53.4019	0	0	0
2.82146	UL	282	1	0	0	13	1	1	129	27	0	53.4019	0	0	0
2.82196	UL	282	1	1	0	13	1	1	35276	27	0	29.5135	1	1	0
2.82196	UL	282	1	1	0	13	1	1	35276	27	0	29.5135	1	1	0
2.82246	UL	282	2	0	0	13	1	1	4642	27	0	36.0903	0	0	0
2.82396	UL	282	3	1	0	13	1	1	28644	27	0	30.0092	1	1	0
2.82446	UL	282	4	0	0	13	1	1	35276	27	1	29.5135	0	0	0
2.82446	UL	282	4	0	0	13	1	1	35276	27	1	29.5135	0	0	0
2.82496	UL	282	4	1	0	13	1	1	28696	25	0	29.9312	0	0	0
2.82646	UL	282	6	0	0	13	1	1	28644	27	1	30.0092	0	0	0
2.85396	UL	285	3	1	0	13	1	1	119	25	0	53.4019	0	0	0
2.85396	UL	285	3	1	0	13	1	1	119	25	0	53.4019	0	0	0
2.85696	UL	285	6	1	0	13	1	1	1459	27	0	41.4587	0	0	0
2.85696	UL	285	6	1	0	13	1	1	1459	27	0	41.4587	0	0	0
2.87146	UL	287	1	0	0	13	1	1	129	27	0	53.4019	0	0	0
2.87146	UL	287	1	0	0	13	1	1	129	27	0	53.4019	0	0	0
2.918	DL	291	7	1	1	13	1	1	2387	27	0	46.286	0	0	0
2.92396	UL	292	3	1	0	13	1	1	129	27	0	53.4019	0	0	0
2.92396	UL	292	3	1	0	13	1	1	129	27	0	53.4019	0	0	0
2.92696	UL	292	6	1	0	13	1	1	28644	27	0	30.0092	1	1	0
2.92696	UL	292	6	1	0	13	1	1	28644	27	0	30.0092	1	1	0
2.92946	UL	292	9	0	0	13	1	1	28644	27	1	30.0092	0	0	0
2.92946	UL	292	9	0	0	13	1	1	28644	27	1	30.0092	0	0	0
2.933	DL	293	2	1	1	13	1	1	1060	27	0	50.3385	0	0	0
2.93896	UL	293	8	1	0	13	1	1	119	25	0	53.4019	0	0	0
2.93896	UL	293	8	1	0	13	1	1	119	25	0	53.4019	0	0	0
2.94196	UL	294	1	1	0	13	1	1	28644	27	0	30.0092	1	1	0
2.94196	UL	294	1	1	0	13	1	1	28644	27	0	30.0092	1	1	0
2.94446	UL	294	4	0	0	13	1	1	28644	27	1	30.0092	0	0	0
2.94446	UL	294	4	0	0	13	1	1	28644	27	1	30.0092	0	0	0
2.948	DL	294	7	1	1	13	1	1	661	27	0	51.7991	0	0	0
2.95396	UL	295	3	1	0	13	1	1	119	25	0	53.4019	0	0	0
2.95396	UL	295	3	1	0	13	1	1	119	25	0	53.4019	0	0	0
2.95696	UL	295	6	1	0	13	1	1	28644	27	0	30.0092	1	1	0
2.95696	UL	295	6	1	0	13	1	1	28644	27	0	30.0092	1	1	0
2.95946	UL	295	9	0	0	13	1	1	28644	27	1	30.0092	0	0	0
2.95946	UL	295	9	0	0	13	1	1	28644	27	1	30.0092	0	0	0
2.963	DL	296	2	1	1	13	1	1	661	27	0	51.7991	0	0	0
2.96896	UL	296	8	1	0	13	1	1	119	25	0	53.4019	0	0	0
2.96896	UL	296	8	1	0	13	1	1	119	25	0	53.4019	0	0	0
2.97196	UL	297	1	1	0	13	1	1	28644	27	0	30.0092	1	1	0
2.97196	UL	297	1	1	0	13	1	1	28644	27	0	30.0092	1	1	0
2.97446	UL	297	4	0	0	13	1	1	28644	27	1	30.0092	0	0	0
2.97446	UL	297	4	0	0	13	1	1	28644	27	1	30.0092	0	0	0
2.978	DL	297	7	1	1	13	1	1	661	27	0	51.7991	0	0	0
2.98396	UL	298	3	1	0	13	1	1	119	25	0	53.4019	0	0	0
2.98396	UL	298	3	1	0	13	1	1	119	25	0	53.4019	0	0	0
2.98696	UL	298	6	1	0	13	1	1	35276	27	0	29.5135	1	1	0
2.98696	UL	298	6	1	0	13	1	1	35276	27	0	29.5135	1	1	0
2.98746	UL	298	7	0	0	13	1	1	4642	27	0	36.0903	0	0	0
2.98946	UL	298	9	0	0	13	1	1	35276	27	1	29.5135	0	0	0
2.98946	UL	298	9	0	0	13	1	1	35276	27	1	29.5135	0	0	0
2.993	DL	299	2	1	1	13	1	1	661	27	0	51.7991	0	0	0
2.99896	UL	299	8	1	0	13	1	1	119	25	0	53.4019	0	0	0
2.99896	UL	299	8	1	0	13	1	1	119	25	0	53.4019	0	0	0
3.00196	UL	300	1	1	0	13	1	1	35276	27	0	29.5135	1	1	0
3.00196	UL	300	1	1	0	13	1	1	35276	27	0	29.5135	1	1	0
3.00246	UL	300	2	0	0	13	1	1	4642	27	0	36.0903	0	0	0
3.00446	UL	300	4	0	0	13	1	1	35276	27	1	29.5135	0	0	0
3.00446	UL	300	4	0	0	13	1	1	35276	27	1	29.5135	0	0	0
3.008	DL	300	7	1	1	13	1	1	794	27	0	50.7822	0	0	0
3.01396	UL	301	3	1	0	13	1	1	119	25	0	53.4019	0	0	0
3.01396	UL	301	3	1	0	13	1	1	119	25	0	53.4019	0	0	0
3.01696	UL	301	6	1	0	13	1	1	35276	27	0	29.5135	1	1	0
3.01696	UL	301	6	1	0	13	1	1	35276	27	0	29.5135	1	1	0
3.01746	UL	301	7	0	0	13	1	1	4642	27	0	36.0903	0	0	0
3.01746	UL	301	7	0	0	13	1	1	4642	27	0	36.0903	0	0	0
3.01946	UL	301	9	0	0	13	1	1	35276	27	1	29.5135	0	0	0
3.01946	UL	301	9	0	0	13	1	1	35276	27	1	29.5135	0	0	0
3.0205	DL	302	0	0	1	13	1	1	129	27	0	60.4019	0	0	0
3.02146	UL	302	1	0	0	13	1	1	35276	27	0	29.5135	1	1	0
3.02196	UL	302	1	1	0	13	1	1	4661	25	0	35.6298	0	0	0
3.023	DL	302	2	1	1	13	1	1	661	27	0	51.7991	0	0	0
3.02396	UL	302	3	1	0	13	1	1	35276	27	1	29.5135	0	0	0
3.02646	UL	302	6	0	0	13	1	1	119	25	0	53.4019	0	0	0
3.02646	UL	302	6	0	0	13	1	1	119	25	0	53.4019	0	0	0
3.02696	UL	302	6	1	0	13	1	1	3926	25	0	36.4669	0	0	0
3.02696	UL	302	6	1	0	13	1	1	3926	25	0	36.4669	0	0	0
3.02946	UL	302	9	0	0	13	1	1	35276	27	0	29.5135	1	1	0
3.02946	UL	302	9	0	0	13	1	1	35276	27	0	29.5135	1	1	0
3.02996	UL	302	9	1	0	13	1	1	4642	27	0	36.0903	0	0	0
3.02996	UL	302	9	1	0	13	1	1	4642	27	0	36.0903	0	0	0
3.0305	DL	303	0	0	1	13	1	1	129	27	0	60.4019	0	0	0
3.03146	UL	303	1	0	0	13	1	1	35276	27	0	29.5135	1	1	0
3.03196	UL	303	1	1	0	13	1	1	35276	27	1	29.5135	0	0	0
3.03196	UL	303	1	1	0	13	1	1	35276	27	1	29.5135	0	0	0
3.03246	UL	303	2	0	0	13	1	1	4661	25	0	35.6298	0	0	0
3.033	DL	303	2	1	1	13	1	1	129	27	0	60.4019	0	0	0
3.03346	DL	303	3	0	1	12	1	1	119	27	0	60.4019	0	0	0
3.03396	UL	303	3	1	0	13	1	1	35276	27	1	29.5135	0	0	0
3.03446	UL	303	4	0	0	13	1	1	28696	25	0	29.9312	0	0	0
3.03446	UL	303	4	0	0	13	1	1	28696	25	0	29.9312	0	0	0
3.0355	DL	303	5	0	1	13	1	1	661	27	0	51.7991	0	0	0
3.03646	UL	303	6	0	0	13	1	1	119	25	0	53.4019	0	0	0
3.03646	UL	303	6	0	0	13	1	1	119	25	0	53.4019	0	0	0
3.03696	UL	303	6	1	0	13	1	1	3926	25	0	36.4669	0	0	0
3.03696	UL	303	6	1	0	13	1	1	3926	25	0	36.4669	0	0	0
3.038	DL	303	7	1	1	13	1	1	129	27	0	60.4019	0	0	0
3.03896	UL	303	8	1	0	13	1	1	129	27	0	53.4019	0	0	0
3.03896	UL	303	8	1	0	13	1	1	129	27	0	53.4019	0	0	0
3.03946	UL	303	9	0	0	13	1	1	7692	27	0	33.2855	0	0	0
3.03946	UL	303	9	0	0	13	1	1	7692	27	0	33.2855	0	0	0
3.0405	DL	304	0	0	1	13	1	1	129	27	0	60.4019	0	0	0
3.04146	UL	304	1	0	0	13	1	1	2121	27	0	39.8607	0	0	0
3.04146	UL	304	1	0	0	13	1	1	2121	27	0	39.8607	0	0	0
3.04196	UL	304	1	1	0	13	1	1	35276	27	0	29.5135	1	1	0
3.04196	UL	304	1	1	0	13	1	1	35276	27	0	29.5135	1	1	0
3.04246	UL	304	2	0	0	13	1	1	4642	27	0	36.0903	0	0	0
3.04246	UL	304	2	0	0	13	1	1	4642	27	0	36.0903	0	0	0
3.043	DL	304	2	1	1	13	1	1	129	27	0	60.4019	0	0	0
3.04346	DL	304	3	0	1	12	1	1	119	27	0	60.4019	0	0	0
3.04396	UL	304	3	1	0	13	1	1	28644	27	0	30.0092	1	1	0
3.04396	UL	304	3	1	0	13	1	1	28644	27	0	30.0092	1	1	0
3.04446	UL	304	4	0	0	13	1	1	35276	27	1	29.5135	0	0	0
3.04446	UL	304	4	0	0	13	1	1	35276	27	1	29.5135	0	0	0
3.04496	UL	304	4	1	0	13	1	1	28696	25	0	29.9312	0	0	0
3.0455	DL	304	5	0	1	13	1	1	129	27	0	60.4019	0	0	0
3.04596	DL	304	5	1	1	12	1	1	119	27	0	60.4019	0	0	0
3.04646	UL	304	6	0	0	13	1	1	28644	27	1	30.0092	0	0	0
3.04646	UL	304	6	0	0	13	1	1	28644	27	1	30.0092	0	0	0
3.04696	UL	304	6	1	0	13	1	1	119	25	0	53.4019	0	0	0
3.04696	UL	304	6	1	0	13	1	1	119	25	0	53.4019	0	0	0
3.048	DL	304	7	1	1	13	1	1	395	27	0	53.7983	0	0	0
3.04846	DL	304	8	0	1	12	1	1	119	27	0	60.4019	0	0	0
3.04896	UL	304	8	1	0	13	1	1	119	25	0	53.4019	0	0	0
3.04896	UL	304	8	1	0	13	1	1	119	25	0	53.4019	0	0	0
3.04946	UL	304	9	0	0	13	1	1	10609	27	0	31.435	0	0	0
3.04946	UL	304	9	0	0	13	1	1	10609	27	0	31.435	0	0	0
3.05146	UL	305	1	0	0	13	1	1	10609	27	0	31.435	0	0	0
3.05146	UL	305	1	0	0	13	1	1	10609	27	0	31.435	0	0	0
3.05196	UL	305	1	1	0	13	1	1	20556	27	0	29.7896	0	0.434501	0
3.05196	UL	305	1	1	0	13	1	1	20556	27	0	29.7896	0	0.434501	0
3.053	DL	305	2	1	1	13	1	1	262	27	0	55.886	0	0	0
3.05346	DL	305	3	0	1	12	1	1	242	27	0	55.886	0	0	0
3.05396	UL	305	3	1	0	13	1	1	5570	27	0	35.1288	0	0	0
3.05446	UL	305	4	0	0	13	1	1	20556	27	0	29.7896	0	0.434501	0
3.0555	DL	305	5	0	1	13	1	1	395	27	0	53.7983	0	0	0
3.05896	UL	305	8	1	0	13	1	1	129	27	0	53.4019	0	0	0
3.05896	UL	305	8	1	0	13	1	1	129	27	0	53.4019	0	0	0
3.06196	UL	306	1	1	0	13	1	1	35276	27	0	29.5135	1	1	0
3.06196	UL	306	1	1	0	13	1	1	35276	27	0	29.5135	1	1	0
3.06246	UL	306	2	0	0	13	1	1	20290	27	0	29.7879	1	0.434501	0
3.06246	UL	306	2	0	0	13	1	1	20290	27	0	29.7879	1	0.434501	0
3.06446	UL	306	4	0	0	13	1	1	35276	27	1	29.5135	0	0	0
3.06446	UL	306	4	0	0	13	1	1	35276	27	1	29.5135	0	0	0
3.06646	UL	306	6	0	0	13	1	1	20290	27	1	29.7879	0	0	0
3.06646	UL	306	6	0	0	13	1	1	20290	27	1	29.7879	0	0	0
3.06846	DL	306	8	0	1	12	1	1	856	27	0	50.5173	0	0	0
3.07396	UL	307	3	1	0	13	1	1	129	27	0	53.4019	0	0	0
3.07396	UL	307	3	1	0	13	1	1	129	27	0	53.4019	0	0	0
3.07696	UL	307	6	1	0	13	1	1	35276	27	0	29.5135	1	1	0
3.07696	UL	307	6	1	0	13	1	1	35276	27	0	29.5135	1	1	0
3.07746	UL	307	7	0	0	13	1	1	20290	27	0	29.7879	1	0.434501	0
3.07746	UL	307	7	0	0	13	1	1	20290	27	0	29.7879	1	0.434501	0
3.07946	UL	307	9	0	0	13	1	1	35276	27	1	29.5135	0	0	0
3.07946	UL	307	9	0	0	13	1	1	35276	27	1	29.5135	0	0	0
3.08146	UL	308	1	0	0	13	1	1	20290	27	1	29.7879	0	0	0
3.08146	UL	308	1	0	0	13	1	1	20290	27	1	29.7879	0	0	0
3.08346	DL	308	3	0	1	12	1	1	1470	27	0	48.1348	0	0	0
3.08896	UL	308	8	1	0	13	1	1	129	27	0	53.4019	0	0	0
3.08896	UL	308	8	1	0	13	1	1	129	27	0	53.4019	0	0	0
3.09196	UL	309	1	1	0	13	1	1	35276	27	0	29.5135	1	1	0
3.09196	UL	309	1	1	0	13	1	1	35276	27	0	29.5135	1	1	0
3.09246	UL	309	2	0	0	13	1	1	20290	27	0	29.7879	0	0.434501	0
3.09246	UL	309	2	0	0	13	1	1	20290	27	0	29.7879	0	0.434501	0
3.09446	UL	309	4	0	0	13	1	1	35276	27	1	29.5135	0	0	0
3.09446	UL	309	4	0	0	13	1	1	35276	27	1	29.5135	0	0	0
3.0955	DL	309	5	0	1	13	1	1	395	27	0	53.7983	0	0	0
3.09646	UL	309	6	0	0	13	1	1	28644	27	0	30.0092	1	1	0
3.098	DL	309	7	1	1	13	1	1	528	27	0	52.9767	0	0	0
3.09896	UL	309	8	1	0	13	1	1	28644	27	1	30.0092	0	0	0
3.10146	UL	310	1	0	0	13	1	1	119	25	0	53.4019	0	0	0
3.10146	UL	310	1	0	0	13	1	1	119	25	0	53.4019	0	0	0
3.10196	UL	310	1	1	0	13	1	1	5519	25	0	34.6875	0	0	0
3.10196	UL	310	1	1	0	13	1	1	5519	25	0	34.6875	0	0	0
3.10446	UL	310	4	0	0	13	1	1	5570	27	0	35.1288	0	0	0
3.1055	DL	310	5	0	1	13	1	1	129	27	0	60.4019	0	0	0
3.11646	UL	311	6	0	0	13	1	1	129	27	0	53.4019	0	0	0
3.11646	UL	311	6	0	0	13	1	1	129	27	0	53.4019	0	0	0
3.11846	DL	311	8	0	1	12	1	1	119	27	0	60.4019	0	0	0
3.57896	UL	357	8	1	0	13	1	1	129	27	0	53.4019	0	0	0
3.57896	UL	357	8	1	0	13	1	1	129	27	0	53.4019	0	0	0
3.618	DL	361	7	1	1	13	1	1	129	27	0	60.4019	0	0	0
4.00446	UL	400	4	0	0	13	1	1	129	27	0	53.4019	0	0	0
4.00446	UL	400	4	0	0	13	1	1	129	27	0	53.4019	0	0	0
4.58096	DL	458	0	1	1	12	1	1	119	27	0	60.4019	0	0	0
4.58646	UL	458	6	0	0	13	1	1	129	27	0	53.4019	0	0	0
4.58646	UL	458	6	0	0	13	1	1	129	27	0	53.4019	0	0	0
